1.2534	1.115	1.1421	1.2442	1.3265	1.2656	1.2562	1.3161	1.292	1.3267	1.3868	1.3928	1.4162	1.3727	1.3699	1.4355	1.4118	1.4884	1.3929	1.4051	1.6288	1.5422	1.3841	1.3757	1.3971	1.3299	1.2913	1.3265	1.4154	1.4417	1.4471	1.4657	1.4623	1.4638	1.5534	1.5029	1.5689	1.5412	1.5304	1.5712	1.5553	1.5328	1.5773	1.6131	1.6314	1.626	1.6521	1.395	1.2567	1.1687	1.1171	1.1855	1.2155	1.1536	1.1777	1.2113	1.236	1.3593	1.3285	1.3466	1.3034	1.3249	1.4539	1.3494	1.3013	1.4276	1.3661	1.3769	1.4046	1.1705	1.3528	1.2832	1.3608	1.4128	1.4003	1.414	1.4538	1.4671	1.4727	1.4984	1.4891	1.515	0	0	0	0	0	0	0	0	0	0	0	0	0	0	0	0	0	0	0	0	0	0	0	0	0	0	0	0	0	0	0	0	0	0	
1.2534	1.115	1.1421	1.2442	1.3266	1.2656	1.2563	1.3161	1.292	1.3268	1.3868	1.3928	1.4163	1.3727	1.3699	1.4355	1.4118	1.4884	1.3929	1.4051	1.6289	1.5423	1.3842	1.3757	1.3971	1.33	1.2914	1.3265	1.4154	1.4417	1.4471	1.4657	1.4623	1.4638	1.5535	1.5029	1.569	1.5412	1.5304	1.5712	1.5553	1.5328	1.5773	1.6132	1.6315	1.626	1.6521	1.395	1.2567	1.1687	1.1171	1.1855	1.2155	1.1536	1.1777	1.2113	1.236	1.3593	1.3285	1.3466	1.3035	1.3249	1.4539	1.3494	1.3013	1.4276	1.3661	1.3769	1.4046	1.1705	1.3528	1.2832	1.3608	1.4128	1.4003	1.414	1.4538	1.4671	1.4727	1.4984	1.4891	1.515	0	0	0	0	0	0	0	0	0	0	0	0	0	0	0	0	0	0	0	0	0	0	0	0	0	0	0	0	0	0	0	0	0	0	
1.2535	1.115	1.1421	1.2443	1.3266	1.2656	1.2563	1.3161	1.292	1.3268	1.3868	1.3928	1.4163	1.3727	1.3699	1.4356	1.4119	1.4884	1.393	1.4052	1.6289	1.5423	1.3842	1.3757	1.3971	1.33	1.2914	1.3265	1.4154	1.4417	1.4471	1.4657	1.4623	1.4639	1.5535	1.5029	1.569	1.5412	1.5304	1.5712	1.5553	1.5328	1.5774	1.6132	1.6315	1.626	1.6521	1.395	1.2568	1.1687	1.1171	1.1855	1.2155	1.1536	1.1777	1.2114	1.236	1.3593	1.3285	1.3466	1.3035	1.3249	1.4539	1.3494	1.3013	1.4276	1.3661	1.3769	1.4046	1.1705	1.3529	1.2833	1.3608	1.4129	1.4004	1.414	1.4538	1.4671	1.4727	1.4984	1.4891	1.5151	0	0	0	0	0	0	0	0	0	0	0	0	0	0	0	0	0	0	0	0	0	0	0	0	0	0	0	0	0	0	0	0	0	0	
2.5982	2.3193	2.3773	2.5897	2.7619	2.6272	2.6133	2.7394	2.6863	2.7654	2.8893	2.9037	2.9514	2.8586	2.8569	2.9973	2.9404	3.1078	2.9086	2.9357	3.4264	3.2116	2.8889	2.8834	2.9121	2.77	2.6983	2.7894	2.955	3.0183	3.0184	3.0724	3.0611	3.065	3.239	3.1499	3.2848	3.2351	3.1915	3.295	3.2267	3.2303	3.2994	3.3835	3.4179	3.4049	3.4609	2.8758	2.5786	2.4038	2.3097	2.4547	2.5082	2.3818	2.4344	2.5006	2.5557	2.819	2.7517	2.7981	2.7109	2.7534	3.0379	2.8104	2.7226	2.9768	2.8635	2.8911	2.9555	2.4653	2.8193	2.6989	2.8677	2.9801	2.9634	2.9745	3.0707	3.1025	3.1235	3.1813	3.1555	3.2076	0	0	0	0	0	0	0	0	0	0	0	0	0	0	0	0	0	0	0	0	0	0	0	0	0	0	0	0	0	0	0	0	0	0	
4.3902	3.9084	4.0175	4.3943	4.6779	4.4995	4.4477	4.6588	4.5971	4.6966	4.9272	4.9398	5.0387	4.8824	4.8544	5.0952	5.029	5.2755	4.9384	4.9812	5.8309	5.4599	4.9264	4.8761	4.9667	4.7302	4.5767	4.6995	5.0341	5.1146	5.1383	5.2153	5.1839	5.2014	5.5057	5.3209	5.5756	5.48	5.4219	5.5899	5.4963	5.4691	5.6008	5.7364	5.798	5.7679	5.8616	4.2692	3.6395	3.3974	3.2851	3.4878	3.5258	3.3625	3.4416	3.5151	3.5918	3.9685	3.8514	3.9151	3.7978	3.861	4.268	3.9557	3.8584	4.1796	4.0413	4.0807	4.1773	3.4912	3.9495	3.8568	4.0684	4.2291	4.2303	4.2217	4.3636	4.4252	4.4647	4.5467	4.5128	4.5964	0	0	0	0	0	0	0	0	0	0	0	0	0	0	0	0	0	0	0	0	0	0	0	0	0	0	0	0	0	0	0	0	0	0	
4.3903	3.9086	4.0177	4.3944	4.678	4.4993	4.4478	4.6589	4.5971	4.6967	4.9272	4.9399	5.0387	4.8824	4.8545	5.0953	5.0289	5.2756	4.9385	4.9814	5.831	5.4599	4.9264	4.8764	4.9667	4.7302	4.5769	4.6999	5.0342	5.1149	5.1385	5.2155	5.1842	5.2017	5.5059	5.3213	5.5759	5.4803	5.4221	5.5902	5.4964	5.4695	5.6011	5.7368	5.7984	5.7683	5.8621	4.2727	3.6435	3.4011	3.2886	3.4914	3.5296	3.3661	3.4452	3.519	3.5957	3.9728	3.8557	3.9195	3.802	3.8652	4.2727	3.9599	3.8624	4.1841	4.0456	4.085	4.1816	3.4947	3.9536	3.8605	4.0725	4.2333	4.2344	4.2259	4.3679	4.4295	4.469	4.5511	4.5171	4.6008	0	0	0	0	0	0	0	0	0	0	0	0	0	0	0	0	0	0	0	0	0	0	0	0	0	0	0	0	0	0	0	0	0	0	
4.3904	3.9088	4.0179	4.3946	4.6782	4.4992	4.4478	4.659	4.597	4.6968	4.9272	4.94	5.0386	4.8823	4.8546	5.0954	5.0288	5.2757	4.9386	4.9815	5.8311	5.4598	4.9265	4.8767	4.9668	4.7302	4.5771	4.7002	5.0343	5.1151	5.1386	5.2158	5.1845	5.2019	5.5061	5.3218	5.5762	5.4807	5.4224	5.5905	5.4965	5.4699	5.6014	5.7372	5.7987	5.7687	5.8625	4.2759	3.6473	3.4046	3.2918	3.4949	3.5333	3.3696	3.4487	3.5226	3.5995	3.9769	3.8597	3.9237	3.806	3.8692	4.2771	3.9639	3.8662	4.1883	4.0496	4.089	4.1857	3.4981	3.9576	3.864	4.0764	4.2374	4.2383	4.2299	4.372	4.4336	4.4731	4.5552	4.5212	4.6049	0	0	0	0	0	0	0	0	0	0	0	0	0	0	0	0	0	0	0	0	0	0	0	0	0	0	0	0	0	0	0	0	0	0	
4.3905	3.909	4.018	4.3947	4.6783	4.4991	4.4479	4.659	4.5969	4.6968	4.9272	4.94	5.0386	4.8823	4.8547	5.0955	5.0288	5.2758	4.9387	4.9817	5.8312	5.4598	4.9265	4.8769	4.9668	4.7302	4.5773	4.7006	5.0344	5.1153	5.1387	5.216	5.1847	5.2021	5.5062	5.3222	5.5764	5.481	5.4226	5.5908	5.4967	5.4703	5.6017	5.7375	5.7991	5.7691	5.863	4.279	3.6509	3.4079	3.2949	3.4982	3.5368	3.3728	3.452	3.5261	3.6031	3.9808	3.8636	3.9276	3.8098	3.873	4.2812	3.9677	3.8697	4.1923	4.0534	4.0928	4.1896	3.5013	3.9614	3.8674	4.08	4.2412	4.242	4.2337	4.3759	4.4375	4.4769	4.5591	4.5251	4.6088	0	0	0	0	0	0	0	0	0	0	0	0	0	0	0	0	0	0	0	0	0	0	0	0	0	0	0	0	0	0	0	0	0	0	
4.3906	3.9091	4.0182	4.3947	4.6784	4.499	4.4479	4.659	4.5969	4.6969	4.9272	4.94	5.0386	4.8822	4.8547	5.0956	5.0287	5.2759	4.9388	4.9818	5.8314	5.4598	4.9266	4.8772	4.9669	4.7302	4.5774	4.7009	5.0345	5.1155	5.1388	5.2162	5.185	5.2024	5.5064	5.3226	5.5766	5.4813	5.4228	5.5911	5.4968	5.4706	5.6019	5.7379	5.7994	5.7695	5.8634	4.282	3.6543	3.411	3.2978	3.5013	3.5401	3.3759	3.4552	3.5294	3.6065	3.9845	3.8672	3.9314	3.8135	3.8766	4.2852	3.9713	3.8731	4.1962	4.057	4.0965	4.1933	3.5043	3.965	3.8706	4.0835	4.2448	4.2455	4.2373	4.3796	4.4411	4.4806	4.5629	4.5288	4.6126	0	0	0	0	0	0	0	0	0	0	0	0	0	0	0	0	0	0	0	0	0	0	0	0	0	0	0	0	0	0	0	0	0	0	
6.8574	6.1222	6.2987	6.8914	7.3541	7.0169	6.9697	7.3029	7.1932	7.3852	7.7441	7.7516	7.9177	7.6555	7.6244	8.0024	7.8689	8.2716	7.751	7.8195	9.1723	8.464	7.7231	7.6934	7.7745	7.3585	7.1678	7.4462	7.8803	8.0229	8.0147	8.2018	8.1414	8.1585	8.5674	8.4034	8.7427	8.6488	8.4533	8.7911	8.4977	8.6857	8.7792	9.0274	9.103	9.0443	9.19	6.3473	5.2851	4.937	4.8169	5.1108	5.0896	4.878	5.0116	5.0829	5.2047	5.7711	5.5549	5.6722	5.5093	5.5759	6.2257	5.7404	5.6496	6.0452	5.9043	5.9412	6.1025	5.0968	5.6225	5.6601	5.9321	6.1647	6.1966	6.1297	6.3408	6.4363	6.5221	6.6376	6.565	6.6779	0	0	0	0	0	0	0	0	0	0	0	0	0	0	0	0	0	0	0	0	0	0	0	0	0	0	0	0	0	0	0	0	0	0	
8.7445	7.8184	8.0533	8.8195	9.4134	8.9873	8.9282	9.3578	9.2302	9.4663	9.9362	9.9394	10.1619	9.8246	9.7803	10.268	10.1041	10.6064	9.95	10.0394	11.7914	10.8335	9.9281	9.8974	9.9955	9.4457	9.2116	9.5931	10.1373	10.3198	10.3011	10.5703	10.4797	10.5106	11.0071	10.8398	11.2641	11.1631	10.8687	11.3462	10.8905	11.2463	11.3162	11.6556	11.7469	11.6637	11.8528	7.7574	6.2994	5.8924	5.7834	6.1339	6.0531	5.8226	5.9928	6.0508	6.2009	6.8944	6.6061	6.7544	6.5681	6.6421	7.4491	6.8637	6.7938	7.216	7.0887	7.1279	7.3372	6.1316	6.6715	6.8434	7.1385	7.4205	7.4888	7.3664	7.6287	7.7556	7.8812	8.0165	7.9174	8.0525	0	0	0	0	0	0	0	0	0	0	0	0	0	0	0	0	0	0	0	0	0	0	0	0	0	0	0	0	0	0	0	0	0	0	
8.744	7.8179	8.0527	8.8189	9.4128	8.9868	8.9276	9.3572	9.2297	9.4657	9.9357	9.9388	10.1614	9.8241	9.7797	10.2674	10.1035	10.6058	9.9493	10.0388	11.7907	10.8329	9.9275	9.8967	9.9949	9.4452	9.211	9.5924	10.1367	10.3191	10.3004	10.5696	10.4789	10.5098	11.0064	10.839	11.2633	11.1623	10.868	11.3454	10.8898	11.2455	11.3154	11.6547	11.7461	11.6629	11.852	7.7554	6.2973	5.8905	5.7816	6.1319	6.0511	5.8207	5.9908	6.0488	6.1988	6.8921	6.6039	6.7521	6.5659	6.6399	7.4466	6.8614	6.7916	7.2136	7.0865	7.1257	7.3349	6.1297	6.6693	6.8414	7.1363	7.4182	7.4866	7.3641	7.6264	7.7533	7.8789	8.0141	7.9151	8.0502	0	0	0	0	0	0	0	0	0	0	0	0	0	0	0	0	0	0	0	0	0	0	0	0	0	0	0	0	0	0	0	0	0	0	
8.7435	7.8174	8.0522	8.8184	9.4123	8.9864	8.9272	9.3567	9.2292	9.4652	9.9352	9.9383	10.1609	9.8236	9.7792	10.2668	10.103	10.6052	9.9488	10.0382	11.7901	10.8323	9.927	9.8961	9.9944	9.4447	9.2105	9.5918	10.1361	10.3185	10.2998	10.569	10.4783	10.5092	11.0057	10.8383	11.2626	11.1616	10.8673	11.3447	10.8892	11.2448	11.3147	11.654	11.7454	11.6621	11.8512	7.7536	6.2953	5.8887	5.7799	6.1302	6.0492	5.8189	5.989	6.0469	6.1969	6.89	6.6018	6.75	6.5638	6.6378	7.4444	6.8593	6.7897	7.2114	7.0844	7.1236	7.3328	6.1279	6.6672	6.8395	7.1342	7.4161	7.4846	7.362	7.6242	7.7511	7.8767	8.0119	7.9129	8.048	0	0	0	0	0	0	0	0	0	0	0	0	0	0	0	0	0	0	0	0	0	0	0	0	0	0	0	0	0	0	0	0	0	0	
8.743	7.817	8.0518	8.818	9.4118	8.986	8.9267	9.3563	9.2288	9.4647	9.9347	9.9378	10.1604	9.8231	9.7787	10.2663	10.1026	10.6047	9.9483	10.0377	11.7895	10.8318	9.9265	9.8956	9.9939	9.4443	9.21	9.5912	10.1356	10.318	10.2993	10.5684	10.4777	10.5087	11.0052	10.8377	11.262	11.161	10.8668	11.3441	10.8886	11.2442	11.3141	11.6533	11.7447	11.6614	11.8505	7.752	6.2935	5.887	5.7783	6.1285	6.0474	5.8173	5.9873	6.0451	6.195	6.888	6.5998	6.7479	6.5619	6.6359	7.4422	6.8574	6.7878	7.2094	7.0824	7.1216	7.3308	6.1263	6.6653	6.8378	7.1323	7.4142	7.4826	7.36	7.6222	7.7491	7.8747	8.0099	7.9109	8.0459	0	0	0	0	0	0	0	0	0	0	0	0	0	0	0	0	0	0	0	0	0	0	0	0	0	0	0	0	0	0	0	0	0	0	
8.7426	7.8166	8.0514	8.8176	9.4114	8.9857	8.9264	9.3559	9.2285	9.4643	9.9343	9.9374	10.16	9.8228	9.7783	10.2659	10.1022	10.6042	9.9479	10.0372	11.789	10.8314	9.9261	9.8951	9.9935	9.4439	9.2096	9.5907	10.1352	10.3175	10.2989	10.5679	10.4772	10.5081	11.0047	10.8371	11.2615	11.1605	10.8662	11.3435	10.8881	11.2436	11.3135	11.6527	11.7441	11.6608	11.8499	7.7504	6.2918	5.8854	5.7768	6.1269	6.0458	5.8157	5.9857	6.0435	6.1933	6.8862	6.598	6.7461	6.5601	6.6341	7.4402	6.8556	6.7861	7.2074	7.0806	7.1198	7.3289	6.1248	6.6635	6.8361	7.1306	7.4123	7.4808	7.3582	7.6203	7.7472	7.8728	8.0079	7.909	8.044	0	0	0	0	0	0	0	0	0	0	0	0	0	0	0	0	0	0	0	0	0	0	0	0	0	0	0	0	0	0	0	0	0	0	
8.7425	7.8165	8.0514	8.8175	9.4113	8.9857	8.9263	9.3558	9.2285	9.4643	9.9343	9.9373	10.16	9.8227	9.7782	10.2658	10.1022	10.6041	9.9478	10.0371	11.7889	10.8313	9.926	9.895	9.9934	9.4438	9.2095	9.5906	10.1351	10.3173	10.2988	10.5678	10.477	10.508	11.0045	10.8369	11.2613	11.1603	10.8661	11.3434	10.888	11.2434	11.3134	11.6526	11.7439	11.6606	11.8497	7.7496	6.2908	5.8845	5.776	6.126	6.0448	5.8148	5.9848	6.0425	6.1924	6.8851	6.597	6.745	6.559	6.633	7.4391	6.8546	6.7851	7.2063	7.0795	7.1187	7.3278	6.1239	6.6624	6.8352	7.1296	7.4113	7.4798	7.3572	7.6192	7.7462	7.8717	8.0069	7.9079	8.0429	0	0	0	0	0	0	0	0	0	0	0	0	0	0	0	0	0	0	0	0	0	0	0	0	0	0	0	0	0	0	0	0	0	0	
8.7425	7.8165	8.0513	8.8175	9.4112	8.9856	8.9263	9.3558	9.2284	9.4642	9.9342	9.9373	10.1599	9.8227	9.7782	10.2658	10.1021	10.6041	9.9477	10.0371	11.7888	10.8313	9.926	9.8949	9.9934	9.4438	9.2094	9.5905	10.135	10.3173	10.2987	10.5677	10.477	10.5079	11.0045	10.8368	11.2613	11.1602	10.866	11.3433	10.888	11.2433	11.3133	11.6525	11.7438	11.6605	11.8496	7.7491	6.2903	5.8841	5.7756	6.1256	6.0443	5.8144	5.9844	6.0421	6.1919	6.8846	6.5965	6.7445	6.5585	6.6325	7.4386	6.8541	6.7847	7.2058	7.079	7.1182	7.3273	6.1235	6.6619	6.8347	7.1291	7.4108	7.4793	7.3567	7.6187	7.7456	7.8712	8.0063	7.9074	8.0424	0	0	0	0	0	0	0	0	0	0	0	0	0	0	0	0	0	0	0	0	0	0	0	0	0	0	0	0	0	0	0	0	0	0	
8.7424	7.8164	8.0512	8.8174	9.4112	8.9856	8.9262	9.3557	9.2284	9.4642	9.9342	9.9373	10.1599	9.8226	9.7781	10.2657	10.1021	10.604	9.9477	10.037	11.7888	10.8312	9.9259	9.8948	9.9933	9.4437	9.2094	9.5904	10.135	10.3172	10.2986	10.5677	10.4769	10.5079	11.0044	10.8368	11.2612	11.1601	10.866	11.3432	10.8879	11.2432	11.3132	11.6524	11.7438	11.6604	11.8495	7.7487	6.2899	5.8837	5.7752	6.1252	6.0439	5.814	5.984	6.0416	6.1915	6.8842	6.596	6.744	6.5581	6.6321	7.4381	6.8536	6.7842	7.2053	7.0786	7.1178	7.3269	6.1231	6.6615	6.8343	7.1286	7.4103	7.4789	7.3562	7.6183	7.7452	7.8708	8.0059	7.9069	8.0419	0	0	0	0	0	0	0	0	0	0	0	0	0	0	0	0	0	0	0	0	0	0	0	0	0	0	0	0	0	0	0	0	0	0	
8.7424	7.8164	8.0512	8.8174	9.4112	8.9856	8.9262	9.3557	9.2284	9.4641	9.9341	9.9372	10.1599	9.8226	9.7781	10.2657	10.1021	10.604	9.9476	10.037	11.7888	10.8312	9.9259	9.8948	9.9933	9.4437	9.2093	9.5904	10.135	10.3172	10.2986	10.5676	10.4768	10.5078	11.0044	10.8367	11.2611	11.1601	10.8659	11.3432	10.8879	11.2432	11.3132	11.6523	11.7437	11.6604	11.8494	7.7484	6.2895	5.8833	5.7749	6.1248	6.0435	5.8136	5.9836	6.0413	6.1911	6.8837	6.5956	6.7435	6.5577	6.6316	7.4376	6.8532	6.7838	7.2049	7.0781	7.1173	7.3264	6.1227	6.6611	6.834	7.1282	7.4099	7.4785	7.3558	7.6178	7.7447	7.8703	8.0054	7.9065	8.0415	0	0	0	0	0	0	0	0	0	0	0	0	0	0	0	0	0	0	0	0	0	0	0	0	0	0	0	0	0	0	0	0	0	0	
8.7424	7.8164	8.0512	8.8174	9.4111	8.9856	8.9262	9.3557	9.2284	9.4641	9.9341	9.9372	10.1599	9.8226	9.7781	10.2657	10.1021	10.604	9.9476	10.037	11.7887	10.8312	9.9259	9.8948	9.9933	9.4437	9.2093	9.5903	10.1349	10.3171	10.2986	10.5676	10.4768	10.5078	11.0043	10.8366	11.2611	11.16	10.8659	11.3431	10.8878	11.2431	11.3131	11.6523	11.7436	11.6603	11.8493	7.7481	6.2891	5.8829	5.7745	6.1245	6.0432	5.8133	5.9833	6.0409	6.1907	6.8833	6.5952	6.7431	6.5573	6.6313	7.4372	6.8528	6.7835	7.2044	7.0778	7.117	7.326	6.1224	6.6607	6.8336	7.1278	7.4095	7.4781	7.3554	7.6174	7.7443	7.8699	8.005	7.9061	8.0411	0	0	0	0	0	0	0	0	0	0	0	0	0	0	0	0	0	0	0	0	0	0	0	0	0	0	0	0	0	0	0	0	0	0	
8.7424	7.8163	8.0512	8.8174	9.4111	8.9856	8.9262	9.3557	9.2284	9.4641	9.9341	9.9372	10.1599	9.8226	9.7781	10.2656	10.1021	10.6039	9.9476	10.0369	11.7887	10.8312	9.9259	9.8947	9.9933	9.4437	9.2093	9.5903	10.1349	10.3171	10.2986	10.5676	10.4768	10.5078	11.0043	10.8366	11.2611	11.16	10.8658	11.3431	10.8878	11.2431	11.3131	11.6522	11.7436	11.6603	11.8493	7.7478	6.2887	5.8826	5.7742	6.1242	6.0428	5.813	5.983	6.0406	6.1903	6.883	6.5948	6.7428	6.5569	6.6309	7.4368	6.8524	6.7831	7.2041	7.0774	7.1166	7.3257	6.1221	6.6603	6.8333	7.1275	7.4091	7.4778	7.355	7.6171	7.744	7.8696	8.0047	7.9057	8.0407	0	0	0	0	0	0	0	0	0	0	0	0	0	0	0	0	0	0	0	0	0	0	0	0	0	0	0	0	0	0	0	0	0	0	
8.7422	7.8162	8.051	8.8172	9.411	8.9855	8.926	9.3555	9.2282	9.464	9.934	9.937	10.1597	9.8225	9.7779	10.2655	10.1019	10.6038	9.9474	10.0368	11.7885	10.831	9.9257	9.8946	9.9931	9.4435	9.2091	9.5901	10.1348	10.3169	10.2984	10.5674	10.4766	10.5076	11.0041	10.8364	11.2609	11.1598	10.8657	11.3429	10.8876	11.2429	11.3129	11.652	11.7434	11.6601	11.8491	7.7474	6.2884	5.8823	5.7739	6.1238	6.0425	5.8127	5.9826	6.0402	6.19	6.8826	6.5944	6.7424	6.5565	6.6305	7.4364	6.852	6.7828	7.2036	7.077	7.1162	7.3253	6.1218	6.6599	6.8329	7.1271	7.4087	7.4774	7.3546	7.6167	7.7436	7.8692	8.0042	7.9053	8.0403	0	0	0	0	0	0	0	0	0	0	0	0	0	0	0	0	0	0	0	0	0	0	0	0	0	0	0	0	0	0	0	0	0	0	
8.7421	7.8161	8.0509	8.8171	9.4108	8.9853	8.9259	9.3554	9.2281	9.4638	9.9338	9.9369	10.1596	9.8223	9.7778	10.2653	10.1018	10.6036	9.9473	10.0366	11.7884	10.8308	9.9256	9.8944	9.993	9.4434	9.209	9.59	10.1346	10.3167	10.2982	10.5672	10.4764	10.5074	11.0039	10.8362	11.2607	11.1596	10.8655	11.3427	10.8874	11.2427	11.3127	11.6518	11.7432	11.6599	11.8489	7.7471	6.288	5.882	5.7736	6.1235	6.0421	5.8123	5.9823	6.0399	6.1896	6.8822	6.594	6.742	6.5562	6.6301	7.436	6.8517	6.7824	7.2033	7.0766	7.1158	7.3249	6.1215	6.6595	6.8326	7.1268	7.4084	7.477	7.3543	7.6163	7.7432	7.8688	8.0039	7.9049	8.0399	0	0	0	0	0	0	0	0	0	0	0	0	0	0	0	0	0	0	0	0	0	0	0	0	0	0	0	0	0	0	0	0	0	0	
8.7419	7.8159	8.0508	8.8169	9.4107	8.9852	8.9258	9.3552	9.228	9.4637	9.9337	9.9367	10.1594	9.8222	9.7776	10.2652	10.1016	10.6034	9.9471	10.0365	11.7882	10.8307	9.9254	9.8942	9.9928	9.4432	9.2088	9.5898	10.1344	10.3166	10.2981	10.5671	10.4762	10.5072	11.0038	10.836	11.2605	11.1594	10.8653	11.3425	10.8873	11.2425	11.3125	11.6517	11.743	11.6597	11.8487	7.7467	6.2877	5.8816	5.7733	6.1232	6.0418	5.812	5.982	6.0395	6.1893	6.8818	6.5937	6.7416	6.5558	6.6298	7.4356	6.8513	6.7821	7.2029	7.0763	7.1155	7.3245	6.1212	6.6592	6.8323	7.1264	7.408	7.4767	7.3539	7.6159	7.7428	7.8684	8.0035	7.9045	8.0395	0	0	0	0	0	0	0	0	0	0	0	0	0	0	0	0	0	0	0	0	0	0	0	0	0	0	0	0	0	0	0	0	0	0	
8.7418	7.8158	8.0506	8.8168	9.4105	8.9851	8.9256	9.3551	9.2278	9.4635	9.9335	9.9366	10.1593	9.822	9.7775	10.265	10.1015	10.6033	9.947	10.0363	11.788	10.8305	9.9253	9.8941	9.9927	9.4431	9.2087	9.5897	10.1343	10.3164	10.2979	10.5669	10.4761	10.5071	11.0036	10.8358	11.2603	11.1593	10.8651	11.3423	10.8871	11.2423	11.3123	11.6515	11.7428	11.6595	11.8485	7.7464	6.2873	5.8814	5.773	6.1229	6.0415	5.8117	5.9817	6.0392	6.189	6.8815	6.5934	6.7413	6.5555	6.6294	7.4352	6.851	6.7818	7.2025	7.0759	7.1151	7.3242	6.1209	6.6589	6.832	7.1261	7.4077	7.4763	7.3536	7.6156	7.7425	7.8681	8.0031	7.9042	8.0392	0	0	0	0	0	0	0	0	0	0	0	0	0	0	0	0	0	0	0	0	0	0	0	0	0	0	0	0	0	0	0	0	0	0	
8.7417	7.8157	8.0505	8.8167	9.4104	8.9849	8.9255	9.355	9.2277	9.4634	9.9334	9.9364	10.1591	9.8219	9.7773	10.2649	10.1013	10.6031	9.9468	10.0362	11.7878	10.8304	9.9251	9.8939	9.9925	9.443	9.2085	9.5895	10.1341	10.3163	10.2977	10.5667	10.4759	10.5069	11.0034	10.8357	11.2602	11.1591	10.865	11.3422	10.8869	11.2422	11.3122	11.6513	11.7426	11.6593	11.8483	7.7461	6.287	5.8811	5.7728	6.1226	6.0412	5.8115	5.9814	6.0389	6.1887	6.8812	6.593	6.7409	6.5551	6.6291	7.4349	6.8507	6.7814	7.2022	7.0756	7.1148	7.3238	6.1206	6.6585	6.8317	7.1258	7.4073	7.476	7.3532	7.6152	7.7421	7.8677	8.0028	7.9038	8.0388	0	0	0	0	0	0	0	0	0	0	0	0	0	0	0	0	0	0	0	0	0	0	0	0	0	0	0	0	0	0	0	0	0	0	
8.7415	7.8156	8.0504	8.8165	9.4102	8.9848	8.9254	9.3548	9.2276	9.4633	9.9332	9.9363	10.159	9.8218	9.7772	10.2647	10.1012	10.603	9.9467	10.036	11.7877	10.8302	9.925	9.8938	9.9924	9.4428	9.2084	9.5894	10.134	10.3161	10.2976	10.5666	10.4758	10.5068	11.0033	10.8355	11.26	11.1589	10.8648	11.342	10.8868	11.242	11.312	11.6511	11.7424	11.6591	11.8481	7.7459	6.2867	5.8808	5.7725	6.1223	6.0409	5.8112	5.9811	6.0387	6.1884	6.8808	6.5927	6.7406	6.5548	6.6288	7.4345	6.8503	6.7812	7.2019	7.0753	7.1145	7.3235	6.1203	6.6582	6.8314	7.1255	7.407	7.4757	7.3529	7.6149	7.7418	7.8674	8.0025	7.9035	8.0385	0	0	0	0	0	0	0	0	0	0	0	0	0	0	0	0	0	0	0	0	0	0	0	0	0	0	0	0	0	0	0	0	0	0	
8.7414	7.8154	8.0503	8.8164	9.4101	8.9847	8.9252	9.3547	9.2275	9.4631	9.9331	9.9362	10.1589	9.8216	9.777	10.2646	10.1011	10.6028	9.9465	10.0359	11.7875	10.8301	9.9248	9.8936	9.9922	9.4427	9.2083	9.5892	10.1338	10.316	10.2975	10.5664	10.4756	10.5066	11.0031	10.8353	11.2598	11.1588	10.8646	11.3418	10.8866	11.2418	11.3118	11.6509	11.7423	11.6589	11.8479	7.7456	6.2865	5.8805	5.7723	6.1221	6.0406	5.8109	5.9809	6.0384	6.1881	6.8805	6.5924	6.7403	6.5546	6.6285	7.4342	6.8501	6.7809	7.2015	7.075	7.1142	7.3232	6.1201	6.6579	6.8311	7.1252	7.4067	7.4754	7.3526	7.6146	7.7415	7.8671	8.0021	7.9032	8.0382	0	0	0	0	0	0	0	0	0	0	0	0	0	0	0	0	0	0	0	0	0	0	0	0	0	0	0	0	0	0	0	0	0	0	
8.7413	7.8153	8.0502	8.8163	9.41	8.9846	8.9251	9.3546	9.2273	9.463	9.933	9.936	10.1587	9.8215	9.7769	10.2644	10.1009	10.6027	9.9464	10.0357	11.7874	10.8299	9.9247	9.8935	9.9921	9.4426	9.2081	9.5891	10.1337	10.3158	10.2973	10.5663	10.4755	10.5065	11.0029	10.8352	11.2597	11.1586	10.8645	11.3417	10.8865	11.2417	11.3117	11.6508	11.7421	11.6588	11.8478	7.7453	6.2862	5.8803	5.772	6.1218	6.0404	5.8107	5.9806	6.0381	6.1879	6.8803	6.5921	6.74	6.5543	6.6282	7.4339	6.8498	6.7806	7.2012	7.0747	7.1139	7.3229	6.1199	6.6576	6.8309	7.1249	7.4064	7.4751	7.3523	7.6143	7.7412	7.8668	8.0018	7.9029	8.0379	0	0	0	0	0	0	0	0	0	0	0	0	0	0	0	0	0	0	0	0	0	0	0	0	0	0	0	0	0	0	0	0	0	0	
8.7412	7.8152	8.0501	8.8162	9.4099	8.9845	8.925	9.3545	9.2272	9.4629	9.9329	9.9359	10.1586	9.8214	9.7768	10.2643	10.1008	10.6025	9.9463	10.0356	11.7872	10.8298	9.9246	9.8934	9.992	9.4425	9.208	9.5889	10.1336	10.3157	10.2972	10.5661	10.4753	10.5063	11.0028	10.835	11.2595	11.1584	10.8643	11.3415	10.8863	11.2415	11.3115	11.6506	11.7419	11.6586	11.8476	7.7451	6.2859	5.88	5.7718	6.1216	6.0401	5.8105	5.9804	6.0379	6.1876	6.88	6.5919	6.7397	6.554	6.628	7.4336	6.8495	6.7803	7.201	7.0744	7.1136	7.3227	6.1196	6.6574	6.8306	7.1246	7.4061	7.4748	7.3521	7.614	7.7409	7.8665	8.0016	7.9026	8.0376	0	0	0	0	0	0	0	0	0	0	0	0	0	0	0	0	0	0	0	0	0	0	0	0	0	0	0	0	0	0	0	0	0	0	
8.7411	7.8151	8.05	8.8161	9.4097	8.9844	8.9249	9.3543	9.2271	9.4628	9.9327	9.9358	10.1585	9.8213	9.7767	10.2642	10.1007	10.6024	9.9462	10.0355	11.7871	10.8296	9.9245	9.8932	9.9918	9.4424	9.2079	9.5888	10.1335	10.3155	10.2971	10.566	10.4752	10.5062	11.0027	10.8349	11.2594	11.1583	10.8642	11.3414	10.8862	11.2414	11.3114	11.6505	11.7418	11.6584	11.8474	7.7448	6.2857	5.8798	5.7716	6.1214	6.0399	5.8102	5.9802	6.0376	6.1874	6.8797	6.5916	6.7395	6.5537	6.6277	7.4333	6.8492	6.7801	7.2007	7.0742	7.1134	7.3224	6.1194	6.6571	6.8304	7.1244	7.4059	7.4746	7.3518	7.6137	7.7407	7.8663	8.0013	7.9023	8.0373	0	0	0	0	0	0	0	0	0	0	0	0	0	0	0	0	0	0	0	0	0	0	0	0	0	0	0	0	0	0	0	0	0	0	
8.741	7.815	8.0499	8.816	9.4096	8.9843	8.9248	9.3542	9.227	9.4626	9.9326	9.9357	10.1584	9.8211	9.7765	10.2641	10.1006	10.6023	9.946	10.0354	11.7869	10.8295	9.9243	9.8931	9.9917	9.4422	9.2078	9.5887	10.1333	10.3154	10.2969	10.5659	10.475	10.5061	11.0025	10.8347	11.2592	11.1582	10.8641	11.3412	10.886	11.2412	11.3112	11.6503	11.7416	11.6583	11.8473	7.7446	6.2854	5.8796	5.7714	6.1211	6.0396	5.81	5.9799	6.0374	6.1871	6.8795	6.5914	6.7392	6.5535	6.6275	7.4331	6.849	6.7799	7.2004	7.0739	7.1131	7.3221	6.1192	6.6569	6.8302	7.1241	7.4056	7.4743	7.3515	7.6135	7.7404	7.866	8.001	7.9021	8.037	0	0	0	0	0	0	0	0	0	0	0	0	0	0	0	0	0	0	0	0	0	0	0	0	0	0	0	0	0	0	0	0	0	0	
8.7409	7.815	8.0498	8.8159	9.4095	8.9842	8.9247	9.3542	9.2269	9.4626	9.9326	9.9356	10.1583	9.8211	9.7765	10.264	10.1005	10.6022	9.946	10.0353	11.7869	10.8294	9.9243	9.893	9.9917	9.4422	9.2077	9.5886	10.1333	10.3153	10.2968	10.5658	10.475	10.506	11.0024	10.8347	11.2592	11.1581	10.864	11.3411	10.886	11.2411	11.3111	11.6502	11.7415	11.6582	11.8472	7.7444	6.2853	5.8794	5.7712	6.121	6.0395	5.8099	5.9798	6.0372	6.1869	6.8793	6.5912	6.739	6.5533	6.6273	7.4328	6.8488	6.7797	7.2002	7.0737	7.1129	7.3219	6.119	6.6567	6.83	7.1239	7.4054	7.4741	7.3513	7.6133	7.7402	7.8658	8.0008	7.9019	8.0368	0	0	0	0	0	0	0	0	0	0	0	0	0	0	0	0	0	0	0	0	0	0	0	0	0	0	0	0	0	0	0	0	0	0	
8.7408	7.8149	8.0497	8.8158	9.4095	8.9841	8.9247	9.3541	9.2269	9.4625	9.9325	9.9355	10.1582	9.821	9.7764	10.2639	10.1004	10.6021	9.9459	10.0352	11.7868	10.8294	9.9242	9.893	9.9916	9.4421	9.2076	9.5885	10.1332	10.3153	10.2968	10.5657	10.4749	10.5059	11.0023	10.8346	11.2591	11.158	10.8639	11.341	10.8859	11.241	11.3111	11.6501	11.7414	11.6581	11.8471	7.7442	6.2851	5.8793	5.7711	6.1208	6.0393	5.8097	5.9796	6.037	6.1868	6.8791	6.591	6.7388	6.5531	6.6271	7.4326	6.8486	6.7795	7.2	7.0735	7.1127	7.3217	6.1189	6.6565	6.8298	7.1237	7.4052	7.4739	7.3511	7.6131	7.74	7.8656	8.0006	7.9017	8.0366	0	0	0	0	0	0	0	0	0	0	0	0	0	0	0	0	0	0	0	0	0	0	0	0	0	0	0	0	0	0	0	0	0	0	
8.7407	7.8148	8.0497	8.8157	9.4094	8.9841	8.9246	9.354	9.2268	9.4624	9.9324	9.9354	10.1582	9.8209	9.7763	10.2638	10.1004	10.602	9.9458	10.0351	11.7867	10.8293	9.9241	9.8929	9.9915	9.442	9.2076	9.5885	10.1331	10.3152	10.2967	10.5656	10.4748	10.5058	11.0023	10.8345	11.259	11.1579	10.8638	11.341	10.8858	11.241	11.311	11.65	11.7413	11.658	11.847	7.7441	6.2849	5.8791	5.7709	6.1206	6.0391	5.8095	5.9794	6.0369	6.1866	6.8789	6.5908	6.7386	6.5529	6.6269	7.4324	6.8484	6.7793	7.1998	7.0734	7.1125	7.3215	6.1187	6.6563	6.8296	7.1236	7.405	7.4738	7.3509	7.6129	7.7398	7.8654	8.0004	7.9015	8.0364	0	0	0	0	0	0	0	0	0	0	0	0	0	0	0	0	0	0	0	0	0	0	0	0	0	0	0	0	0	0	0	0	0	0	
8.7407	7.8148	8.0496	8.8157	9.4093	8.984	8.9245	9.3539	9.2267	9.4624	9.9323	9.9354	10.1581	9.8209	9.7762	10.2638	10.1003	10.602	9.9457	10.035	11.7866	10.8292	9.924	9.8928	9.9914	9.442	9.2075	9.5884	10.133	10.3151	10.2966	10.5655	10.4747	10.5057	11.0022	10.8344	11.2589	11.1578	10.8637	11.3409	10.8857	11.2409	11.3109	11.6499	11.7413	11.6579	11.8469	7.7439	6.2847	5.8789	5.7708	6.1205	6.0389	5.8094	5.9793	6.0367	6.1864	6.8787	6.5906	6.7384	6.5527	6.6267	7.4322	6.8482	6.7791	7.1996	7.0732	7.1124	7.3214	6.1186	6.6561	6.8295	7.1234	7.4049	7.4736	7.3508	7.6127	7.7396	7.8652	8.0002	7.9013	8.0362	0	0	0	0	0	0	0	0	0	0	0	0	0	0	0	0	0	0	0	0	0	0	0	0	0	0	0	0	0	0	0	0	0	0	
8.7406	7.8147	8.0495	8.8156	9.4092	8.9839	8.9245	9.3539	9.2267	9.4623	9.9322	9.9353	10.158	9.8208	9.7762	10.2637	10.1002	10.6019	9.9456	10.035	11.7865	10.8291	9.924	9.8927	9.9913	9.4419	9.2074	9.5883	10.1329	10.315	10.2965	10.5655	10.4746	10.5056	11.0021	10.8343	11.2588	11.1577	10.8636	11.3408	10.8856	11.2408	11.3108	11.6498	11.7412	11.6578	11.8468	7.7437	6.2845	5.8788	5.7706	6.1203	6.0388	5.8092	5.9791	6.0365	6.1862	6.8785	6.5904	6.7382	6.5526	6.6265	7.432	6.8481	6.779	7.1994	7.073	7.1122	7.3212	6.1184	6.6559	6.8293	7.1232	7.4047	7.4734	7.3506	7.6125	7.7394	7.865	8	7.9011	8.036	0	0	0	0	0	0	0	0	0	0	0	0	0	0	0	0	0	0	0	0	0	0	0	0	0	0	0	0	0	0	0	0	0	0	
8.7405	7.8146	8.0494	8.8155	9.4092	8.9839	8.9244	9.3538	9.2266	9.4622	9.9322	9.9352	10.1579	9.8207	9.7761	10.2636	10.1001	10.6018	9.9456	10.0349	11.7864	10.829	9.9239	9.8926	9.9913	9.4418	9.2073	9.5882	10.1329	10.3149	10.2964	10.5654	10.4745	10.5055	11.002	10.8342	11.2587	11.1576	10.8635	11.3407	10.8855	11.2407	11.3107	11.6497	11.7411	11.6577	11.8467	7.7436	6.2844	5.8786	5.7705	6.1202	6.0386	5.8091	5.979	6.0364	6.1861	6.8783	6.5902	6.7381	6.5524	6.6264	7.4319	6.8479	6.7788	7.1992	7.0728	7.112	7.321	6.1183	6.6558	6.8292	7.123	7.4045	7.4732	7.3504	7.6123	7.7392	7.8648	7.9998	7.9009	8.0359	0	0	0	0	0	0	0	0	0	0	0	0	0	0	0	0	0	0	0	0	0	0	0	0	0	0	0	0	0	0	0	0	0	0	
8.7404	7.8146	8.0494	8.8155	9.4091	8.9838	8.9243	9.3537	9.2265	9.4621	9.9321	9.9351	10.1578	9.8206	9.776	10.2635	10.1	10.6017	9.9455	10.0348	11.7863	10.8289	9.9238	9.8925	9.9912	9.4417	9.2073	9.5881	10.1328	10.3148	10.2964	10.5653	10.4744	10.5055	11.0019	10.8341	11.2586	11.1575	10.8634	11.3406	10.8854	11.2406	11.3106	11.6496	11.741	11.6576	11.8466	7.7434	6.2842	5.8785	5.7703	6.12	6.0385	5.8089	5.9788	6.0362	6.1859	6.8782	6.5901	6.7379	6.5522	6.6262	7.4317	6.8477	6.7787	7.1991	7.0727	7.1118	7.3208	6.1181	6.6556	6.829	7.1229	7.4043	7.4731	7.3502	7.6121	7.7391	7.8647	7.9997	7.9007	8.0357	0	0	0	0	0	0	0	0	0	0	0	0	0	0	0	0	0	0	0	0	0	0	0	0	0	0	0	0	0	0	0	0	0	0	
8.7404	7.8145	8.0493	8.8154	9.409	8.9837	8.9242	9.3536	9.2265	9.462	9.932	9.935	10.1578	9.8206	9.7759	10.2634	10.1	10.6016	9.9454	10.0347	11.7862	10.8288	9.9237	9.8925	9.9911	9.4417	9.2072	9.5881	10.1327	10.3147	10.2963	10.5652	10.4743	10.5054	11.0018	10.834	11.2585	11.1574	10.8634	11.3405	10.8853	11.2405	11.3105	11.6495	11.7409	11.6575	11.8465	7.7433	6.2841	5.8783	5.7702	6.1199	6.0383	5.8088	5.9787	6.0361	6.1858	6.878	6.5899	6.7377	6.5521	6.626	7.4315	6.8476	6.7785	7.1989	7.0725	7.1117	7.3207	6.118	6.6554	6.8289	7.1227	7.4042	7.4729	7.3501	7.612	7.7389	7.8645	7.9995	7.9006	8.0355	0	0	0	0	0	0	0	0	0	0	0	0	0	0	0	0	0	0	0	0	0	0	0	0	0	0	0	0	0	0	0	0	0	0	
8.7403	7.8144	8.0492	8.8153	9.4089	8.9837	8.9242	9.3536	9.2264	9.462	9.9319	9.935	10.1577	9.8205	9.7758	10.2633	10.0999	10.6015	9.9453	10.0346	11.7861	10.8287	9.9236	9.8924	9.991	9.4416	9.2071	9.588	10.1326	10.3147	10.2962	10.5651	10.4743	10.5053	11.0017	10.8339	11.2584	11.1573	10.8633	11.3404	10.8852	11.2404	11.3104	11.6494	11.7408	11.6574	11.8464	7.7431	6.2839	5.8782	5.7701	6.1197	6.0382	5.8087	5.9785	6.0359	6.1856	6.8778	6.5898	6.7376	6.5519	6.6259	7.4313	6.8474	6.7783	7.1987	7.0723	7.1115	7.3205	6.1178	6.6553	6.8287	7.1226	7.404	7.4727	7.3499	7.6118	7.7387	7.8643	7.9993	7.9004	8.0353	0	0	0	0	0	0	0	0	0	0	0	0	0	0	0	0	0	0	0	0	0	0	0	0	0	0	0	0	0	0	0	0	0	0	
8.7402	7.8144	8.0492	8.8152	9.4089	8.9836	8.9241	9.3535	9.2263	9.4619	9.9319	9.9349	10.1576	9.8204	9.7758	10.2633	10.0998	10.6014	9.9452	10.0346	11.786	10.8287	9.9236	9.8923	9.9909	9.4415	9.207	9.5879	10.1325	10.3146	10.2961	10.565	10.4742	10.5052	11.0016	10.8338	11.2583	11.1572	10.8632	11.3403	10.8852	11.2403	11.3103	11.6493	11.7407	11.6573	11.8463	7.743	6.2838	5.8781	5.77	6.1196	6.038	5.8085	5.9784	6.0358	6.1855	6.8777	6.5896	6.7374	6.5518	6.6257	7.4312	6.8472	6.7782	7.1986	7.0722	7.1114	7.3203	6.1177	6.6551	6.8286	7.1224	7.4038	7.4726	7.3498	7.6117	7.7386	7.8642	7.9992	7.9002	8.0352	0	0	0	0	0	0	0	0	0	0	0	0	0	0	0	0	0	0	0	0	0	0	0	0	0	0	0	0	0	0	0	0	0	0	
8.7401	7.8143	8.0491	8.8152	9.4088	8.9835	8.924	9.3534	9.2262	9.4618	9.9318	9.9348	10.1575	9.8203	9.7757	10.2632	10.0997	10.6014	9.9452	10.0345	11.7859	10.8286	9.9235	9.8922	9.9909	9.4414	9.207	9.5878	10.1324	10.3145	10.296	10.5649	10.4741	10.5051	11.0015	10.8337	11.2582	11.1572	10.8631	11.3402	10.8851	11.2402	11.3102	11.6492	11.7406	11.6572	11.8462	7.7429	6.2836	5.8779	5.7698	6.1195	6.0379	5.8084	5.9783	6.0357	6.1853	6.8775	6.5895	6.7373	6.5516	6.6256	7.431	6.8471	6.7781	7.1984	7.072	7.1112	7.3202	6.1176	6.655	6.8284	7.1223	7.4037	7.4724	7.3496	7.6115	7.7384	7.864	7.999	7.9001	8.035	0	0	0	0	0	0	0	0	0	0	0	0	0	0	0	0	0	0	0	0	0	0	0	0	0	0	0	0	0	0	0	0	0	0	
8.7401	7.8142	8.049	8.8151	9.4087	8.9835	8.9239	9.3533	9.2262	9.4617	9.9317	9.9347	10.1574	9.8202	9.7756	10.2631	10.0997	10.6013	9.9451	10.0344	11.7859	10.8285	9.9234	9.8921	9.9908	9.4414	9.2069	9.5877	10.1324	10.3144	10.2959	10.5649	10.474	10.505	11.0014	10.8336	11.2581	11.1571	10.863	11.3401	10.885	11.2401	11.3101	11.6492	11.7405	11.6571	11.8461	7.7427	6.2835	5.8778	5.7697	6.1194	6.0378	5.8083	5.9782	6.0355	6.1852	6.8774	6.5893	6.7371	6.5515	6.6254	7.4308	6.847	6.7779	7.1983	7.0719	7.1111	7.32	6.1175	6.6548	6.8283	7.1221	7.4035	7.4723	7.3495	7.6114	7.7383	7.8639	7.9988	7.8999	8.0349	0	0	0	0	0	0	0	0	0	0	0	0	0	0	0	0	0	0	0	0	0	0	0	0	0	0	0	0	0	0	0	0	0	0	
8.74	7.8142	8.049	8.815	9.4086	8.9834	8.9239	9.3533	9.2261	9.4617	9.9316	9.9346	10.1574	9.8202	9.7755	10.263	10.0996	10.6012	9.945	10.0343	11.7858	10.8284	9.9233	9.8921	9.9907	9.4413	9.2068	9.5877	10.1323	10.3143	10.2959	10.5648	10.4739	10.5049	11.0014	10.8336	11.2581	11.157	10.8629	11.34	10.8849	11.24	11.31	11.6491	11.7404	11.657	11.846	7.7426	6.2834	5.8777	5.7696	6.1192	6.0376	5.8082	5.978	6.0354	6.1851	6.8772	6.5892	6.737	6.5514	6.6253	7.4307	6.8468	6.7778	7.1981	7.0717	7.1109	7.3199	6.1173	6.6547	6.8282	7.122	7.4034	7.4722	7.3493	7.6112	7.7381	7.8637	7.9987	7.8998	8.0347	0	0	0	0	0	0	0	0	0	0	0	0	0	0	0	0	0	0	0	0	0	0	0	0	0	0	0	0	0	0	0	0	0	0	
8.7399	7.8141	8.0489	8.8149	9.4085	8.9833	8.9238	9.3532	9.226	9.4616	9.9315	9.9346	10.1573	9.8201	9.7755	10.2629	10.0995	10.6011	9.9449	10.0342	11.7857	10.8283	9.9233	9.892	9.9906	9.4412	9.2067	9.5876	10.1322	10.3142	10.2958	10.5647	10.4738	10.5049	11.0013	10.8335	11.258	11.1569	10.8628	11.3399	10.8848	11.2399	11.3099	11.649	11.7403	11.6569	11.8459	7.7425	6.2832	5.8776	5.7695	6.1191	6.0375	5.808	5.9779	6.0353	6.185	6.8771	6.589	6.7368	6.5512	6.6252	7.4305	6.8467	6.7777	7.198	7.0716	7.1108	7.3198	6.1172	6.6546	6.8281	7.1218	7.4033	7.472	7.3492	7.6111	7.738	7.8636	7.9985	7.8996	8.0346	0	0	0	0	0	0	0	0	0	0	0	0	0	0	0	0	0	0	0	0	0	0	0	0	0	0	0	0	0	0	0	0	0	0	
8.7398	7.814	8.0488	8.8149	9.4085	8.9832	8.9237	9.3531	9.2259	9.4615	9.9315	9.9345	10.1572	9.82	9.7754	10.2628	10.0994	10.601	9.9448	10.0341	11.7856	10.8282	9.9232	9.8919	9.9905	9.4411	9.2066	9.5875	10.1321	10.3141	10.2957	10.5646	10.4737	10.5048	11.0012	10.8334	11.2579	11.1568	10.8627	11.3398	10.8847	11.2398	11.3098	11.6489	11.7402	11.6568	11.8458	7.7423	6.2831	5.8774	5.7694	6.119	6.0374	5.8079	5.9778	6.0352	6.1848	6.877	6.5889	6.7367	6.5511	6.625	7.4304	6.8465	6.7775	7.1978	7.0715	7.1106	7.3196	6.1171	6.6544	6.8279	7.1217	7.4031	7.4719	7.349	7.6109	7.7378	7.8634	7.9984	7.8995	8.0344	0	0	0	0	0	0	0	0	0	0	0	0	0	0	0	0	0	0	0	0	0	0	0	0	0	0	0	0	0	0	0	0	0	0	
8.7398	7.8139	8.0488	8.8148	9.4084	8.9832	8.9236	9.353	9.2259	9.4614	9.9314	9.9344	10.1571	9.8199	9.7753	10.2627	10.0993	10.6009	9.9447	10.034	11.7855	10.8281	9.9231	9.8918	9.9904	9.441	9.2066	9.5874	10.132	10.3141	10.2956	10.5645	10.4736	10.5047	11.0011	10.8333	11.2578	11.1567	10.8626	11.3397	10.8846	11.2397	11.3097	11.6488	11.7401	11.6567	11.8457	7.7423	6.283	5.8774	5.7693	6.1189	6.0373	5.8078	5.9777	6.0351	6.1848	6.8769	6.5888	6.7366	6.551	6.6249	7.4303	6.8465	6.7775	7.1977	7.0714	7.1106	7.3195	6.117	6.6543	6.8279	7.1216	7.403	7.4718	7.3489	7.6108	7.7377	7.8633	7.9983	7.8994	8.0343	0	0	0	0	0	0	0	0	0	0	0	0	0	0	0	0	0	0	0	0	0	0	0	0	0	0	0	0	0	0	0	0	0	0	
8.7397	7.8139	8.0487	8.8147	9.4083	8.9831	8.9236	9.3529	9.2258	9.4613	9.9313	9.9343	10.157	9.8198	9.7752	10.2626	10.0992	10.6008	9.9446	10.034	11.7854	10.828	9.923	9.8917	9.9904	9.4409	9.2065	9.5873	10.1319	10.314	10.2955	10.5644	10.4736	10.5046	11.001	10.8332	11.2577	11.1566	10.8625	11.3396	10.8845	11.2397	11.3096	11.6487	11.74	11.6566	11.8456	7.7423	6.2831	5.8774	5.7693	6.119	6.0374	5.8079	5.9778	6.0351	6.1848	6.8769	6.5889	6.7367	6.5511	6.625	7.4304	6.8465	6.7775	7.1978	7.0714	7.1106	7.3196	6.1171	6.6544	6.8279	7.1217	7.4031	7.4718	7.349	7.6109	7.7378	7.8634	7.9984	7.8994	8.0344	0	0	0	0	0	0	0	0	0	0	0	0	0	0	0	0	0	0	0	0	0	0	0	0	0	0	0	0	0	0	0	0	0	0	
8.7396	7.8138	8.0486	8.8146	9.4082	8.983	8.9235	9.3528	9.2257	9.4612	9.9312	9.9342	10.1569	9.8197	9.7751	10.2625	10.0991	10.6007	9.9445	10.0339	11.7852	10.8279	9.9229	9.8916	9.9903	9.4408	9.2064	9.5872	10.1318	10.3139	10.2954	10.5643	10.4735	10.5045	11.0009	10.8331	11.2576	11.1565	10.8624	11.3395	10.8844	11.2396	11.3095	11.6486	11.7399	11.6565	11.8455	7.7423	6.2831	5.8775	5.7694	6.119	6.0374	5.8079	5.9778	6.0352	6.1848	6.877	6.5889	6.7367	6.5511	6.625	7.4304	6.8466	6.7775	7.1978	7.0715	7.1106	7.3196	6.1171	6.6544	6.8279	7.1217	7.4031	7.4719	7.349	7.6109	7.7378	7.8634	7.9984	7.8995	8.0344	0	0	0	0	0	0	0	0	0	0	0	0	0	0	0	0	0	0	0	0	0	0	0	0	0	0	0	0	0	0	0	0	0	0	
8.7395	7.8137	8.0485	8.8145	9.4081	8.9829	8.9234	9.3527	9.2256	9.4611	9.9311	9.9341	10.1568	9.8196	9.775	10.2624	10.099	10.6006	9.9444	10.0338	11.7851	10.8278	9.9228	9.8915	9.9901	9.4407	9.2063	9.5871	10.1317	10.3138	10.2953	10.5642	10.4734	10.5044	11.0007	10.833	11.2574	11.1564	10.8623	11.3394	10.8843	11.2395	11.3094	11.6484	11.7398	11.6564	11.8454	7.7423	6.2832	5.8775	5.7694	6.119	6.0374	5.808	5.9778	6.0352	6.1849	6.877	6.589	6.7368	6.5511	6.6251	7.4304	6.8466	6.7776	7.1979	7.0715	7.1107	7.3196	6.1171	6.6545	6.8279	7.1217	7.4031	7.4719	7.3491	7.6109	7.7378	7.8634	7.9984	7.8995	8.0344	0	0	0	0	0	0	0	0	0	0	0	0	0	0	0	0	0	0	0	0	0	0	0	0	0	0	0	0	0	0	0	0	0	0	
8.7394	7.8136	8.0484	8.8144	9.408	8.9828	8.9233	9.3526	9.2255	9.461	9.9309	9.934	10.1567	9.8195	9.7749	10.2623	10.0989	10.6005	9.9443	10.0336	11.785	10.8276	9.9227	9.8914	9.99	9.4406	9.2062	9.5871	10.1316	10.3137	10.2952	10.5641	10.4732	10.5043	11.0006	10.8329	11.2573	11.1563	10.8622	11.3393	10.8841	11.2393	11.3093	11.6483	11.7396	11.6563	11.8452	7.7423	6.2832	5.8775	5.7694	6.119	6.0375	5.808	5.9778	6.0352	6.1849	6.877	6.589	6.7368	6.5512	6.6251	7.4305	6.8466	6.7776	7.1979	7.0715	7.1107	7.3197	6.1172	6.6545	6.828	7.1218	7.4032	7.4719	7.3491	7.611	7.7379	7.8635	7.9984	7.8995	8.0344	0	0	0	0	0	0	0	0	0	0	0	0	0	0	0	0	0	0	0	0	0	0	0	0	0	0	0	0	0	0	0	0	0	0	
8.7393	7.8135	8.0483	8.8143	9.4079	8.9826	8.9232	9.3525	9.2253	9.4609	9.9308	9.9338	10.1565	9.8194	9.7748	10.2622	10.0988	10.6003	9.9442	10.0335	11.7848	10.8275	9.9225	9.8913	9.9899	9.4405	9.2061	9.5869	10.1315	10.3135	10.295	10.564	10.4731	10.5041	11.0005	10.8328	11.2572	11.1561	10.8621	11.3392	10.884	11.2392	11.3092	11.6482	11.7395	11.6562	11.8451	7.7423	6.2832	5.8775	5.7694	6.119	6.0375	5.808	5.9779	6.0352	6.1849	6.877	6.589	6.7368	6.5512	6.6251	7.4305	6.8466	6.7776	7.1979	7.0715	7.1107	7.3197	6.1172	6.6545	6.828	7.1218	7.4032	7.4719	7.3491	7.611	7.7379	7.8635	7.9984	7.8995	8.0344	0	0	0	0	0	0	0	0	0	0	0	0	0	0	0	0	0	0	0	0	0	0	0	0	0	0	0	0	0	0	0	0	0	0	
8.7392	7.8134	8.0482	8.8142	9.4077	8.9825	8.923	9.3524	9.2252	9.4608	9.9307	9.9337	10.1564	9.8192	9.7746	10.2621	10.0986	10.6002	9.9441	10.0334	11.7847	10.8274	9.9224	9.8912	9.9898	9.4404	9.206	9.5868	10.1314	10.3134	10.2949	10.5638	10.473	10.504	11.0004	10.8326	11.2571	11.156	10.8619	11.339	10.8839	11.2391	11.309	11.6481	11.7394	11.656	11.845	7.7422	6.2832	5.8775	5.7694	6.119	6.0375	5.808	5.9779	6.0352	6.1849	6.877	6.589	6.7368	6.5512	6.6251	7.4305	6.8466	6.7776	7.1979	7.0715	7.1107	7.3197	6.1171	6.6545	6.8279	7.1217	7.4032	7.4719	7.3491	7.6109	7.7378	7.8634	7.9984	7.8995	8.0344	0	0	0	0	0	0	0	0	0	0	0	0	0	0	0	0	0	0	0	0	0	0	0	0	0	0	0	0	0	0	0	0	0	0	
8.739	7.8133	8.0481	8.8141	9.4076	8.9824	8.9229	9.3523	9.2251	9.4607	9.9306	9.9336	10.1563	9.8191	9.7745	10.2619	10.0985	10.6001	9.9439	10.0333	11.7845	10.8272	9.9223	9.8911	9.9896	9.4403	9.2059	9.5867	10.1312	10.3133	10.2948	10.5637	10.4729	10.5039	11.0002	10.8325	11.2569	11.1559	10.8618	11.3389	10.8837	11.2389	11.3089	11.6479	11.7392	11.6559	11.8448	7.7422	6.2832	5.8775	5.7694	6.119	6.0375	5.808	5.9778	6.0352	6.1849	6.877	6.589	6.7368	6.5512	6.6251	7.4305	6.8466	6.7776	7.1979	7.0715	7.1107	7.3196	6.1171	6.6545	6.8279	7.1217	7.4031	7.4719	7.349	7.6109	7.7378	7.8634	7.9984	7.8995	8.0344	0	0	0	0	0	0	0	0	0	0	0	0	0	0	0	0	0	0	0	0	0	0	0	0	0	0	0	0	0	0	0	0	0	0	
8.7389	7.8132	8.048	8.8139	9.4075	8.9822	8.9228	9.3521	9.2249	9.4605	9.9304	9.9334	10.1561	9.8189	9.7743	10.2618	10.0983	10.5999	9.9438	10.0331	11.7844	10.827	9.9221	9.8909	9.9895	9.4401	9.2057	9.5866	10.1311	10.3131	10.2946	10.5636	10.4727	10.5037	11.0001	10.8323	11.2568	11.1557	10.8616	11.3387	10.8836	11.2388	11.3087	11.6477	11.739	11.6557	11.8447	7.7421	6.2832	5.8775	5.7694	6.119	6.0374	5.8079	5.9778	6.0352	6.1849	6.877	6.589	6.7368	6.5511	6.6251	7.4304	6.8466	6.7775	7.1979	7.0715	7.1107	7.3196	6.1171	6.6544	6.8279	7.1217	7.4031	7.4718	7.349	7.6109	7.7378	7.8634	7.9983	7.8994	8.0344	0	0	0	0	0	0	0	0	0	0	0	0	0	0	0	0	0	0	0	0	0	0	0	0	0	0	0	0	0	0	0	0	0	0	
8.7388	7.8131	8.0479	8.8138	9.4073	8.9821	8.9226	9.352	9.2248	9.4604	9.9302	9.9333	10.1559	9.8188	9.7742	10.2616	10.0982	10.5997	9.9436	10.033	11.7842	10.8269	9.922	9.8908	9.9893	9.44	9.2056	9.5864	10.1309	10.313	10.2945	10.5634	10.4726	10.5036	10.9999	10.8322	11.2566	11.1555	10.8615	11.3386	10.8834	11.2386	11.3086	11.6476	11.7389	11.6555	11.8445	7.7421	6.2831	5.8774	5.7693	6.119	6.0374	5.8079	5.9778	6.0352	6.1848	6.877	6.5889	6.7367	6.5511	6.625	7.4304	6.8465	6.7775	7.1978	7.0714	7.1106	7.3196	6.1171	6.6544	6.8278	7.1216	7.403	7.4718	7.349	7.6108	7.7377	7.8633	7.9983	7.8994	8.0343	0	0	0	0	0	0	0	0	0	0	0	0	0	0	0	0	0	0	0	0	0	0	0	0	0	0	0	0	0	0	0	0	0	0	
8.7386	7.813	8.0477	8.8137	9.4072	8.9819	8.9225	9.3518	9.2246	9.4602	9.9301	9.9331	10.1558	9.8186	9.774	10.2614	10.098	10.5996	9.9435	10.0328	11.784	10.8267	9.9218	9.8906	9.9892	9.4398	9.2054	9.5863	10.1307	10.3128	10.2943	10.5632	10.4724	10.5034	10.9997	10.832	11.2564	11.1554	10.8613	11.3384	10.8832	11.2385	11.3084	11.6474	11.7387	11.6553	11.8443	7.742	6.2831	5.8774	5.7693	6.1189	6.0373	5.8079	5.9777	6.0351	6.1848	6.8769	6.5889	6.7367	6.5511	6.625	7.4303	6.8465	6.7774	7.1978	7.0714	7.1106	7.3195	6.117	6.6544	6.8278	7.1216	7.403	7.4717	7.3489	7.6108	7.7377	7.8633	7.9982	7.8993	8.0342	0	0	0	0	0	0	0	0	0	0	0	0	0	0	0	0	0	0	0	0	0	0	0	0	0	0	0	0	0	0	0	0	0	0	
8.7384	7.8128	8.0476	8.8135	9.407	8.9818	8.9223	9.3516	9.2244	9.46	9.9299	9.9329	10.1556	9.8184	9.7738	10.2612	10.0978	10.5994	9.9433	10.0326	11.7838	10.8265	9.9216	9.8904	9.989	9.4396	9.2053	9.5861	10.1306	10.3126	10.2941	10.563	10.4722	10.5032	10.9995	10.8318	11.2562	11.1552	10.8611	11.3382	10.883	11.2383	11.3082	11.6472	11.7385	11.6551	11.8441	7.7419	6.283	5.8773	5.7692	6.1188	6.0373	5.8078	5.9777	6.0351	6.1847	6.8768	6.5888	6.7366	6.551	6.6249	7.4303	6.8464	6.7774	7.1977	7.0713	7.1105	7.3194	6.117	6.6543	6.8277	7.1215	7.4029	7.4716	7.3488	7.6107	7.7376	7.8632	7.9981	7.8992	8.0341	0	0	0	0	0	0	0	0	0	0	0	0	0	0	0	0	0	0	0	0	0	0	0	0	0	0	0	0	0	0	0	0	0	0	
8.7383	7.8126	8.0474	8.8133	9.4068	8.9816	8.9221	9.3514	9.2243	9.4598	9.9297	9.9327	10.1554	9.8182	9.7736	10.261	10.0976	10.5991	9.9431	10.0324	11.7835	10.8262	9.9214	9.8902	9.9888	9.4394	9.2051	9.5859	10.1304	10.3124	10.2939	10.5628	10.472	10.503	10.9993	10.8316	11.256	11.155	10.8609	11.338	10.8828	11.2381	11.308	11.647	11.7383	11.6549	11.8439	7.7418	6.2829	5.8773	5.7692	6.1188	6.0372	5.8077	5.9776	6.035	6.1847	6.8768	6.5887	6.7365	6.5509	6.6248	7.4302	6.8463	6.7773	7.1976	7.0712	7.1104	7.3193	6.1169	6.6542	6.8276	7.1214	7.4028	7.4715	7.3487	7.6106	7.7375	7.8631	7.998	7.8991	8.034	0	0	0	0	0	0	0	0	0	0	0	0	0	0	0	0	0	0	0	0	0	0	0	0	0	0	0	0	0	0	0	0	0	0	
8.7381	7.8125	8.0472	8.8131	9.4066	8.9814	8.9219	9.3512	9.2241	9.4596	9.9295	9.9325	10.1551	9.818	9.7734	10.2608	10.0974	10.5989	9.9429	10.0322	11.7833	10.826	9.9212	9.89	9.9886	9.4392	9.2049	9.5857	10.1301	10.3122	10.2937	10.5626	10.4718	10.5028	10.999	10.8314	11.2557	11.1547	10.8606	11.3377	10.8826	11.2378	11.3077	11.6467	11.738	11.6547	11.8436	7.7417	6.2828	5.8772	5.7691	6.1187	6.0371	5.8076	5.9775	6.0349	6.1846	6.8767	6.5886	6.7364	6.5508	6.6247	7.4301	6.8462	6.7772	7.1975	7.0711	7.1103	7.3192	6.1168	6.6541	6.8275	7.1213	7.4027	7.4714	7.3486	7.6105	7.7374	7.863	7.9979	7.899	8.0339	0	0	0	0	0	0	0	0	0	0	0	0	0	0	0	0	0	0	0	0	0	0	0	0	0	0	0	0	0	0	0	0	0	0	
8.7379	7.8123	8.0471	8.8129	9.4064	8.9812	8.9217	9.351	9.2238	9.4594	9.9292	9.9323	10.1549	9.8178	9.7732	10.2606	10.0971	10.5987	9.9426	10.032	11.783	10.8257	9.921	9.8898	9.9883	9.439	9.2047	9.5855	10.1299	10.312	10.2934	10.5624	10.4715	10.5026	10.9988	10.8312	11.2555	11.1545	10.8604	11.3375	10.8823	11.2376	11.3075	11.6465	11.7378	11.6544	11.8434	7.7415	6.2827	5.8771	5.769	6.1186	6.037	5.8075	5.9774	6.0348	6.1845	6.8765	6.5885	6.7363	6.5507	6.6246	7.43	6.8461	6.7771	7.1974	7.071	7.1102	7.3191	6.1167	6.654	6.8274	7.1212	7.4026	7.4713	7.3485	7.6103	7.7372	7.8628	7.9978	7.8989	8.0338	0	0	0	0	0	0	0	0	0	0	0	0	0	0	0	0	0	0	0	0	0	0	0	0	0	0	0	0	0	0	0	0	0	0	
8.7376	7.8121	8.0469	8.8127	9.4061	8.9809	8.9215	9.3508	9.2236	9.4592	9.929	9.932	10.1546	9.8175	9.773	10.2603	10.0969	10.5984	9.9424	10.0317	11.7827	10.8255	9.9207	9.8896	9.9881	9.4388	9.2044	9.5853	10.1297	10.3117	10.2932	10.5621	10.4713	10.5023	10.9985	10.8309	11.2552	11.1542	10.8601	11.3372	10.882	11.2373	11.3072	11.6462	11.7375	11.6542	11.8431	7.7414	6.2826	5.877	5.7689	6.1185	6.0369	5.8074	5.9773	6.0347	6.1843	6.8764	6.5884	6.7362	6.5506	6.6245	7.4298	6.846	6.7769	7.1972	7.0709	7.11	7.319	6.1166	6.6539	6.8273	7.1211	7.4024	7.4712	7.3483	7.6102	7.7371	7.8627	7.9976	7.8987	8.0336	0	0	0	0	0	0	0	0	0	0	0	0	0	0	0	0	0	0	0	0	0	0	0	0	0	0	0	0	0	0	0	0	0	0	
8.7374	7.8119	8.0466	8.8125	9.4059	8.9807	8.9212	9.3505	9.2233	9.4589	9.9287	9.9317	10.1544	9.8173	9.7727	10.26	10.0966	10.5981	9.9421	10.0314	11.7824	10.8251	9.9205	9.8893	9.9878	9.4385	9.2042	9.5851	10.1294	10.3114	10.2929	10.5618	10.471	10.502	10.9982	10.8306	11.2549	11.1539	10.8598	11.3369	10.8817	11.237	11.3069	11.6459	11.7372	11.6539	11.8428	7.7412	6.2825	5.8768	5.7687	6.1183	6.0368	5.8073	5.9772	6.0346	6.1842	6.8763	6.5883	6.7361	6.5504	6.6244	7.4296	6.8458	6.7768	7.1971	7.0707	7.1099	7.3188	6.1164	6.6537	6.8271	7.1209	7.4023	7.471	7.3482	7.61	7.7369	7.8625	7.9974	7.8985	8.0334	0	0	0	0	0	0	0	0	0	0	0	0	0	0	0	0	0	0	0	0	0	0	0	0	0	0	0	0	0	0	0	0	0	0	
8.7371	7.8117	8.0464	8.8122	9.4056	8.9804	8.921	9.3502	9.2231	9.4586	9.9284	9.9314	10.1541	9.817	9.7724	10.2597	10.0963	10.5978	9.9418	10.0311	11.7821	10.8248	9.9202	9.889	9.9875	9.4382	9.2039	9.5848	10.1291	10.3111	10.2926	10.5615	10.4707	10.5017	10.9979	10.8303	11.2546	11.1536	10.8595	11.3366	10.8814	11.2367	11.3066	11.6456	11.7368	11.6535	11.8425	7.741	6.2823	5.8767	5.7686	6.1182	6.0366	5.8072	5.977	6.0344	6.1841	6.8761	6.5881	6.7359	6.5503	6.6242	7.4295	6.8456	6.7766	7.1969	7.0705	7.1097	7.3186	6.1163	6.6535	6.8269	7.1207	7.4021	7.4708	7.348	7.6098	7.7367	7.8623	7.9972	7.8983	8.0332	0	0	0	0	0	0	0	0	0	0	0	0	0	0	0	0	0	0	0	0	0	0	0	0	0	0	0	0	0	0	0	0	0	0	
8.7368	7.8114	8.0461	8.8119	9.4053	8.9801	8.9207	9.3499	9.2228	9.4583	9.9281	9.9311	10.1537	9.8167	9.7721	10.2594	10.096	10.5975	9.9415	10.0308	11.7817	10.8245	9.9199	9.8887	9.9872	9.4379	9.2036	9.5845	10.1288	10.3108	10.2923	10.5612	10.4704	10.5014	10.9976	10.83	11.2543	11.1533	10.8592	11.3363	10.8811	11.2364	11.3062	11.6452	11.7365	11.6532	11.8421	7.7407	6.2821	5.8765	5.7684	6.118	6.0364	5.807	5.9768	6.0342	6.1839	6.8759	6.5879	6.7357	6.5501	6.624	7.4292	6.8454	6.7764	7.1967	7.0703	7.1095	7.3184	6.1161	6.6533	6.8268	7.1205	7.4019	7.4706	7.3478	7.6096	7.7365	7.8621	7.997	7.8981	8.033	0	0	0	0	0	0	0	0	0	0	0	0	0	0	0	0	0	0	0	0	0	0	0	0	0	0	0	0	0	0	0	0	0	0	
8.7365	7.8111	8.0459	8.8116	9.405	8.9798	8.9204	9.3496	9.2225	9.458	9.9278	9.9308	10.1534	9.8163	9.7718	10.2591	10.0956	10.5971	9.9412	10.0305	11.7813	10.8241	9.9195	9.8884	9.9869	9.4376	9.2033	9.5842	10.1284	10.3105	10.2919	10.5609	10.47	10.501	10.9972	10.8296	11.2539	11.1529	10.8588	11.3359	10.8807	11.236	11.3059	11.6448	11.7361	11.6528	11.8417	7.7405	6.2819	5.8763	5.7682	6.1178	6.0362	5.8068	5.9766	6.034	6.1837	6.8757	6.5877	6.7355	6.5499	6.6238	7.429	6.8452	6.7762	7.1965	7.0701	7.1093	7.3182	6.1159	6.6531	6.8265	7.1203	7.4016	7.4703	7.3475	7.6094	7.7362	7.8618	7.9968	7.8978	8.0327	0	0	0	0	0	0	0	0	0	0	0	0	0	0	0	0	0	0	0	0	0	0	0	0	0	0	0	0	0	0	0	0	0	0	
8.7362	7.8108	8.0456	8.8113	9.4046	8.9795	8.92	9.3493	9.2221	9.4576	9.9274	9.9304	10.153	9.816	9.7714	10.2587	10.0952	10.5967	9.9408	10.0301	11.7809	10.8237	9.9192	9.888	9.9865	9.4373	9.203	9.5838	10.1281	10.3101	10.2916	10.5605	10.4697	10.5007	10.9968	10.8292	11.2535	11.1525	10.8584	11.3355	10.8803	11.2356	11.3055	11.6444	11.7357	11.6524	11.8413	7.7402	6.2817	5.8761	5.768	6.1176	6.036	5.8066	5.9764	6.0338	6.1835	6.8754	6.5874	6.7352	6.5496	6.6235	7.4287	6.845	6.776	7.1962	7.0699	7.109	7.3179	6.1157	6.6529	6.8263	7.12	7.4014	7.4701	7.3473	7.6091	7.736	7.8615	7.9965	7.8976	8.0325	0	0	0	0	0	0	0	0	0	0	0	0	0	0	0	0	0	0	0	0	0	0	0	0	0	0	0	0	0	0	0	0	0	0	
8.7358	7.8105	8.0452	8.8109	9.4042	8.9791	8.9197	9.3489	9.2217	9.4572	9.927	9.93	10.1526	9.8156	9.771	10.2583	10.0948	10.5963	9.9404	10.0297	11.7804	10.8232	9.9188	9.8876	9.9861	9.4369	9.2026	9.5835	10.1277	10.3097	10.2911	10.5601	10.4692	10.5003	10.9964	10.8288	11.253	11.1521	10.858	11.335	10.8799	11.2352	11.305	11.644	11.7352	11.6519	11.8408	7.7399	6.2814	5.8759	5.7678	6.1173	6.0358	5.8064	5.9762	6.0336	6.1832	6.8751	6.5872	6.735	6.5494	6.6233	7.4284	6.8447	6.7757	7.1959	7.0696	7.1087	7.3176	6.1154	6.6526	6.826	7.1197	7.4011	7.4698	7.347	7.6088	7.7357	7.8612	7.9962	7.8973	8.0321	0	0	0	0	0	0	0	0	0	0	0	0	0	0	0	0	0	0	0	0	0	0	0	0	0	0	0	0	0	0	0	0	0	0	
8.7354	7.8102	8.0449	8.8105	9.4038	8.9787	8.9193	9.3485	9.2213	9.4568	9.9266	9.9296	10.1522	9.8151	9.7706	10.2578	10.0944	10.5958	9.94	10.0293	11.7799	10.8228	9.9183	9.8872	9.9857	9.4365	9.2022	9.5831	10.1272	10.3092	10.2907	10.5596	10.4688	10.4998	10.9959	10.8284	11.2526	11.1516	10.8575	11.3346	10.8794	11.2347	11.3045	11.6435	11.7347	11.6514	11.8403	7.7396	6.2812	5.8756	5.7676	6.1171	6.0355	5.8061	5.9759	6.0333	6.1829	6.8748	6.5869	6.7347	6.5491	6.623	7.4281	6.8444	6.7754	7.1956	7.0693	7.1084	7.3173	6.1152	6.6523	6.8257	7.1194	7.4008	7.4695	7.3467	7.6085	7.7353	7.8609	7.9958	7.8969	8.0318	0	0	0	0	0	0	0	0	0	0	0	0	0	0	0	0	0	0	0	0	0	0	0	0	0	0	0	0	0	0	0	0	0	0	
8.735	7.8098	8.0445	8.8101	9.4034	8.9783	8.9189	9.348	9.2209	9.4564	9.9261	9.9291	10.1517	9.8147	9.7701	10.2573	10.0939	10.5953	9.9395	10.0288	11.7793	10.8222	9.9179	9.8868	9.9852	9.436	9.2018	9.5826	10.1268	10.3088	10.2902	10.5591	10.4683	10.4993	10.9954	10.8279	11.252	11.1511	10.857	11.334	10.8789	11.2342	11.304	11.643	11.7342	11.6509	11.8398	7.7392	6.2809	5.8753	5.7673	6.1168	6.0352	5.8058	5.9756	6.033	6.1826	6.8745	6.5866	6.7343	6.5488	6.6227	7.4278	6.8441	6.7751	7.1952	7.0689	7.1081	7.317	6.1149	6.6519	6.8254	7.1191	7.4004	7.4691	7.3463	7.6081	7.7349	7.8605	7.9954	7.8965	8.0314	0	0	0	0	0	0	0	0	0	0	0	0	0	0	0	0	0	0	0	0	0	0	0	0	0	0	0	0	0	0	0	0	0	0	
8.7345	7.8094	8.0441	8.8097	9.4029	8.9778	8.9184	9.3475	9.2204	9.4559	9.9256	9.9286	10.1512	9.8142	9.7696	10.2568	10.0934	10.5948	9.939	10.0283	11.7788	10.8217	9.9174	9.8863	9.9847	9.4355	9.2013	9.5821	10.1262	10.3083	10.2897	10.5586	10.4678	10.4988	10.9948	10.8274	11.2515	11.1506	10.8565	11.3335	10.8783	11.2337	11.3035	11.6424	11.7336	11.6503	11.8392	7.7388	6.2805	5.875	5.767	6.1164	6.0349	5.8055	5.9753	6.0327	6.1823	6.8741	6.5862	6.734	6.5484	6.6223	7.4274	6.8437	6.7747	7.1948	7.0686	7.1077	7.3166	6.1146	6.6516	6.825	7.1187	7.4	7.4687	7.3459	7.6077	7.7345	7.8601	7.995	7.8961	8.031	0	0	0	0	0	0	0	0	0	0	0	0	0	0	0	0	0	0	0	0	0	0	0	0	0	0	0	0	0	0	0	0	0	0	
8.734	7.8089	8.0436	8.8092	9.4024	8.9773	8.9179	9.347	9.2199	9.4554	9.925	9.928	10.1506	9.8136	9.7691	10.2562	10.0928	10.5942	9.9385	10.0277	11.7781	10.8211	9.9168	9.8857	9.9842	9.435	9.2008	9.5816	10.1257	10.3077	10.2891	10.558	10.4672	10.4982	10.9942	10.8268	11.2509	11.15	10.8559	11.3329	10.8777	11.2331	11.3028	11.6418	11.733	11.6497	11.8386	7.7383	6.2801	5.8747	5.7666	6.1161	6.0345	5.8051	5.975	6.0323	6.1819	6.8737	6.5858	6.7336	6.548	6.6219	7.4269	6.8433	6.7743	7.1944	7.0681	7.1073	7.3162	6.1142	6.6512	6.8246	7.1183	7.3996	7.4683	7.3455	7.6072	7.7341	7.8596	7.9945	7.8956	8.0305	0	0	0	0	0	0	0	0	0	0	0	0	0	0	0	0	0	0	0	0	0	0	0	0	0	0	0	0	0	0	0	0	0	0	
8.7335	7.8085	8.0431	8.8086	9.4018	8.9767	8.9174	9.3465	9.2193	9.4548	9.9244	9.9274	10.15	9.813	9.7685	10.2556	10.0922	10.5935	9.9379	10.0271	11.7774	10.8204	9.9162	9.8851	9.9836	9.4344	9.2003	9.5811	10.1251	10.3071	10.2885	10.5574	10.4666	10.4976	10.9936	10.8261	11.2502	11.1493	10.8553	11.3322	10.8771	11.2325	11.3022	11.6411	11.7323	11.649	11.8379	7.7379	6.2797	5.8743	5.7662	6.1157	6.0341	5.8048	5.9746	6.0319	6.1815	6.8733	6.5854	6.7331	6.5476	6.6215	7.4264	6.8428	6.7739	7.1939	7.0677	7.1068	7.3157	6.1138	6.6507	6.8242	7.1178	7.3991	7.4678	7.345	7.6067	7.7336	7.8591	7.994	7.8951	8.03	0	0	0	0	0	0	0	0	0	0	0	0	0	0	0	0	0	0	0	0	0	0	0	0	0	0	0	0	0	0	0	0	0	0	
8.7329	7.808	8.0426	8.8081	9.4012	8.9761	8.9168	9.3459	9.2187	9.4542	9.9238	9.9268	10.1493	9.8124	9.7678	10.255	10.0916	10.5929	9.9372	10.0265	11.7767	10.8197	9.9156	9.8845	9.9829	9.4338	9.1997	9.5805	10.1244	10.3064	10.2879	10.5567	10.466	10.497	10.9928	10.8255	11.2495	11.1486	10.8546	11.3315	10.8763	11.2318	11.3015	11.6404	11.7316	11.6483	11.8371	7.7373	6.2793	5.8738	5.7658	6.1152	6.0337	5.8043	5.9741	6.0315	6.1811	6.8728	6.5849	6.7326	6.5471	6.621	7.4259	6.8423	6.7734	7.1934	7.0672	7.1063	7.3152	6.1134	6.6502	6.8237	7.1173	7.3986	7.4673	7.3445	7.6062	7.733	7.8586	7.9935	7.8946	8.0294	0	0	0	0	0	0	0	0	0	0	0	0	0	0	0	0	0	0	0	0	0	0	0	0	0	0	0	0	0	0	0	0	0	0	
8.7323	7.8074	8.042	8.8074	9.4005	8.9755	8.9162	9.3452	9.2181	9.4535	9.9231	9.9261	10.1486	9.8117	9.7672	10.2542	10.0909	10.5921	9.9365	10.0258	11.7759	10.8189	9.9149	9.8838	9.9822	9.4332	9.1991	9.5798	10.1237	10.3057	10.2871	10.556	10.4652	10.4962	10.9921	10.8247	11.2487	11.1479	10.8538	11.3307	10.8756	11.231	11.3007	11.6396	11.7308	11.6475	11.8363	7.7367	6.2788	5.8734	5.7654	6.1148	6.0332	5.8039	5.9737	6.031	6.1806	6.8722	6.5844	6.7321	6.5466	6.6205	7.4253	6.8418	6.7729	7.1928	7.0666	7.1057	7.3146	6.1129	6.6497	6.8232	7.1168	7.398	7.4667	7.3439	7.6056	7.7324	7.858	7.9929	7.894	8.0288	0	0	0	0	0	0	0	0	0	0	0	0	0	0	0	0	0	0	0	0	0	0	0	0	0	0	0	0	0	0	0	0	0	0	
8.7316	7.8068	8.0414	8.8068	9.3998	8.9748	8.9155	9.3445	9.2174	9.4528	9.9223	9.9253	10.1478	9.8109	9.7664	10.2535	10.0901	10.5913	9.9358	10.025	11.775	10.8181	9.9142	9.8831	9.9815	9.4324	9.1984	9.5791	10.123	10.3049	10.2864	10.5552	10.4645	10.4955	10.9913	10.8239	11.2479	11.147	10.853	11.3299	10.8747	11.2302	11.2999	11.6387	11.7299	11.6466	11.8355	7.7361	6.2782	5.8729	5.7649	6.1142	6.0327	5.8034	5.9732	6.0305	6.18	6.8716	6.5838	6.7315	6.546	6.6199	7.4247	6.8412	6.7723	7.1922	7.066	7.1051	7.314	6.1124	6.6491	6.8226	7.1162	7.3974	7.4661	7.3433	7.605	7.7318	7.8573	7.9922	7.8933	8.0281	0	0	0	0	0	0	0	0	0	0	0	0	0	0	0	0	0	0	0	0	0	0	0	0	0	0	0	0	0	0	0	0	0	0	
8.7309	7.8061	8.0408	8.806	9.399	8.9741	8.9147	9.3437	9.2166	9.452	9.9215	9.9245	10.147	9.8101	9.7656	10.2526	10.0893	10.5904	9.935	10.0242	11.774	10.8172	9.9133	9.8823	9.9806	9.4317	9.1976	9.5784	10.1221	10.3041	10.2855	10.5544	10.4636	10.4946	10.9904	10.8231	11.247	11.1462	10.8521	11.329	10.8738	11.2293	11.2989	11.6378	11.729	11.6457	11.8345	7.7354	6.2776	5.8723	5.7644	6.1137	6.0321	5.8028	5.9726	6.0299	6.1795	6.871	6.5832	6.7309	6.5454	6.6192	7.424	6.8406	6.7717	7.1915	7.0654	7.1045	7.3133	6.1118	6.6484	6.822	7.1155	7.3967	7.4654	7.3426	7.6043	7.7311	7.8566	7.9915	7.8926	8.0274	0	0	0	0	0	0	0	0	0	0	0	0	0	0	0	0	0	0	0	0	0	0	0	0	0	0	0	0	0	0	0	0	0	0	
8.7301	7.8054	8.04	8.8052	9.3982	8.9732	8.9139	9.3429	9.2158	9.4512	9.9206	9.9236	10.1461	9.8093	9.7647	10.2517	10.0884	10.5895	9.9341	10.0233	11.773	10.8162	9.9125	9.8814	9.9798	9.4308	9.1968	9.5775	10.1213	10.3032	10.2846	10.5535	10.4627	10.4937	10.9894	10.8221	11.246	11.1452	10.8511	11.328	10.8729	11.2284	11.298	11.6368	11.728	11.6447	11.8335	7.7346	6.277	5.8717	5.7638	6.1131	6.0315	5.8022	5.972	6.0293	6.1788	6.8703	6.5825	6.7302	6.5448	6.6186	7.4232	6.8399	6.771	7.1908	7.0647	7.1038	7.3126	6.1112	6.6477	6.8213	7.1148	7.3959	7.4646	7.3418	7.6035	7.7303	7.8558	7.9907	7.8918	8.0266	0	0	0	0	0	0	0	0	0	0	0	0	0	0	0	0	0	0	0	0	0	0	0	0	0	0	0	0	0	0	0	0	0	0	
8.7292	7.8047	8.0392	8.8044	9.3973	8.9724	8.9131	9.342	9.2149	9.4503	9.9197	9.9227	10.1451	9.8083	9.7638	10.2507	10.0874	10.5885	9.9331	10.0224	11.7719	10.8151	9.9115	9.8805	9.9788	9.4299	9.1959	9.5766	10.1203	10.3022	10.2836	10.5525	10.4617	10.4927	10.9883	10.8211	11.2449	11.1441	10.8501	11.3269	10.8718	11.2273	11.2969	11.6357	11.7269	11.6436	11.8324	7.7338	6.2763	5.8711	5.7631	6.1124	6.0308	5.8016	5.9713	6.0286	6.1781	6.8695	6.5817	6.7294	6.544	6.6178	7.4224	6.8391	6.7702	7.19	7.0639	7.103	7.3118	6.1105	6.647	6.8206	7.114	7.3951	7.4638	7.341	7.6026	7.7294	7.855	7.9898	7.8909	8.0257	0	0	0	0	0	0	0	0	0	0	0	0	0	0	0	0	0	0	0	0	0	0	0	0	0	0	0	0	0	0	0	0	0	0	
8.7282	7.8038	8.0384	8.8034	9.3963	8.9714	8.9121	9.341	9.2139	9.4493	9.9186	9.9216	10.144	9.8073	9.7628	10.2496	10.0863	10.5874	9.9321	10.0213	11.7707	10.814	9.9105	9.8795	9.9778	9.4289	9.195	9.5756	10.1192	10.3012	10.2826	10.5514	10.4606	10.4916	10.9872	10.82	11.2438	11.143	10.849	11.3258	10.8707	11.2262	11.2957	11.6345	11.7257	11.6424	11.8312	7.7329	6.2755	5.8703	5.7624	6.1116	6.03	5.8009	5.9706	6.0278	6.1774	6.8687	6.5809	6.7286	6.5432	6.617	7.4215	6.8382	6.7694	7.1891	7.063	7.1021	7.3109	6.1098	6.6461	6.8198	7.1131	7.3942	7.4629	7.3401	7.6017	7.7285	7.854	7.9888	7.89	8.0247	0	0	0	0	0	0	0	0	0	0	0	0	0	0	0	0	0	0	0	0	0	0	0	0	0	0	0	0	0	0	0	0	0	0	
8.7272	7.8029	8.0375	8.8024	9.3952	8.9704	8.9111	9.3399	9.2129	9.4482	9.9175	9.9205	10.1429	9.8062	9.7617	10.2485	10.0852	10.5862	9.931	10.0202	11.7693	10.8127	9.9094	9.8784	9.9766	9.4278	9.1939	9.5746	10.1181	10.3	10.2814	10.5502	10.4595	10.4905	10.9859	10.8188	11.2425	11.1418	10.8478	11.3245	10.8694	11.225	11.2945	11.6332	11.7244	11.6411	11.8298	7.7319	6.2747	5.8695	5.7617	6.1108	6.0292	5.8001	5.9698	6.027	6.1765	6.8678	6.58	6.7277	6.5423	6.6161	7.4205	6.8373	6.7685	7.1881	7.0621	7.1012	7.3099	6.109	6.6452	6.8189	7.1122	7.3932	7.462	7.3392	7.6007	7.7275	7.853	7.9878	7.8889	8.0237	0	0	0	0	0	0	0	0	0	0	0	0	0	0	0	0	0	0	0	0	0	0	0	0	0	0	0	0	0	0	0	0	0	0	
8.7261	7.802	8.0365	8.8013	9.394	8.9693	8.91	9.3387	9.2117	9.447	9.9163	9.9193	10.1417	9.805	9.7605	10.2472	10.0839	10.5849	9.9298	10.019	11.7679	10.8114	9.9082	9.8772	9.9754	9.4267	9.1928	9.5735	10.1169	10.2988	10.2801	10.5489	10.4582	10.4892	10.9846	10.8175	11.2412	11.1405	10.8464	11.3232	10.8681	11.2237	11.2931	11.6318	11.723	11.6397	11.8284	7.7309	6.2737	5.8687	5.7609	6.11	6.0283	5.7992	5.9689	6.0261	6.1756	6.8668	6.579	6.7267	6.5414	6.6151	7.4194	6.8363	6.7676	7.1871	7.0611	7.1001	7.3089	6.1081	6.6442	6.8179	7.1112	7.3922	7.4609	7.3381	7.5996	7.7264	7.8519	7.9866	7.8878	8.0225	0	0	0	0	0	0	0	0	0	0	0	0	0	0	0	0	0	0	0	0	0	0	0	0	0	0	0	0	0	0	0	0	0	0	
8.7249	7.8009	8.0354	8.8002	9.3928	8.968	8.9088	9.3375	9.2105	9.4458	9.915	9.918	10.1403	9.8036	9.7592	10.2459	10.0826	10.5834	9.9284	10.0176	11.7664	10.8099	9.9069	9.8759	9.9741	9.4254	9.1916	9.5722	10.1155	10.2974	10.2788	10.5476	10.4568	10.4878	10.9831	10.8161	11.2397	11.139	10.845	11.3217	10.8666	11.2222	11.2916	11.6303	11.7214	11.6382	11.8269	7.7297	6.2727	5.8677	5.76	6.109	6.0273	5.7983	5.968	6.0252	6.1746	6.8657	6.578	6.7256	6.5403	6.614	7.4183	6.8352	6.7665	7.1859	7.06	7.099	7.3077	6.1071	6.6431	6.8169	7.1101	7.391	7.4598	7.3369	7.5984	7.7251	7.8507	7.9854	7.8866	8.0213	0	0	0	0	0	0	0	0	0	0	0	0	0	0	0	0	0	0	0	0	0	0	0	0	0	0	0	0	0	0	0	0	0	0	
8.7236	7.7998	8.0342	8.7989	9.3914	8.9667	8.9075	9.3361	9.2092	9.4444	9.9135	9.9165	10.1388	9.8022	9.7578	10.2444	10.0811	10.5819	9.927	10.0162	11.7647	10.8083	9.9054	9.8745	9.9727	9.4241	9.1903	9.5709	10.1141	10.2959	10.2773	10.5461	10.4553	10.4863	10.9816	10.8146	11.2381	11.1375	10.8434	11.3201	10.865	11.2207	11.29	11.6287	11.7198	11.6365	11.8252	7.7284	6.2716	5.8667	5.759	6.108	6.0263	5.7973	5.9669	6.0241	6.1735	6.8645	6.5768	6.7244	6.5392	6.6129	7.417	6.834	6.7653	7.1846	7.0588	7.0978	7.3065	6.1061	6.6419	6.8157	7.1089	7.3898	7.4585	7.3357	7.5971	7.7238	7.8493	7.9841	7.8852	8.0199	0	0	0	0	0	0	0	0	0	0	0	0	0	0	0	0	0	0	0	0	0	0	0	0	0	0	0	0	0	0	0	0	0	0	
8.7222	7.7985	8.033	8.7975	9.3899	8.9653	8.9061	9.3347	9.2077	9.4429	9.912	9.915	10.1373	9.8007	9.7562	10.2428	10.0796	10.5803	9.9255	10.0147	11.7629	10.8066	9.9039	9.873	9.9711	9.4226	9.1889	9.5694	10.1125	10.2944	10.2757	10.5445	10.4537	10.4847	10.9798	10.8129	11.2364	11.1358	10.8418	11.3184	10.8633	11.219	11.2883	11.6269	11.718	11.6348	11.8234	7.7271	6.2705	5.8656	5.7579	6.1068	6.0251	5.7962	5.9658	6.0229	6.1724	6.8632	6.5755	6.7232	6.5379	6.6116	7.4156	6.8328	6.7641	7.1833	7.0574	7.0965	7.3051	6.105	6.6406	6.8145	7.1075	7.3884	7.4571	7.3343	7.5957	7.7224	7.8479	7.9826	7.8838	8.0184	0	0	0	0	0	0	0	0	0	0	0	0	0	0	0	0	0	0	0	0	0	0	0	0	0	0	0	0	0	0	0	0	0	0	
8.7207	7.7972	8.0316	8.796	9.3883	8.9638	8.9046	9.3331	9.2062	9.4413	9.9103	9.9133	10.1356	9.799	9.7546	10.2411	10.0779	10.5785	9.9238	10.013	11.761	10.8047	9.9022	9.8713	9.9694	9.421	9.1873	9.5678	10.1108	10.2926	10.274	10.5427	10.452	10.483	10.978	10.8112	11.2345	11.1339	10.8399	11.3165	10.8614	11.2172	11.2864	11.625	11.716	11.6328	11.8214	7.7256	6.2692	5.8644	5.7567	6.1056	6.0239	5.795	5.9646	6.0217	6.1711	6.8618	6.5742	6.7218	6.5366	6.6102	7.4141	6.8313	6.7627	7.1818	7.056	7.095	7.3036	6.1037	6.6392	6.8131	7.1061	7.3869	7.4556	7.3328	7.5942	7.7208	7.8463	7.981	7.8822	8.0168	0	0	0	0	0	0	0	0	0	0	0	0	0	0	0	0	0	0	0	0	0	0	0	0	0	0	0	0	0	0	0	0	0	0	
8.7191	7.7957	8.0301	8.7944	9.3866	8.9621	8.903	9.3314	9.2045	9.4396	9.9085	9.9115	10.1337	9.7972	9.7528	10.2392	10.076	10.5765	9.922	10.0111	11.7589	10.8027	9.9004	9.8696	9.9676	9.4192	9.1856	9.5661	10.109	10.2908	10.2721	10.5408	10.4501	10.4811	10.976	10.8092	11.2325	11.1319	10.8379	11.3145	10.8594	11.2152	11.2844	11.6229	11.7139	11.6307	11.8193	7.724	6.2678	5.8631	5.7555	6.1042	6.0225	5.7937	5.9632	6.0203	6.1697	6.8602	6.5727	6.7202	6.5351	6.6087	7.4124	6.8298	6.7612	7.1802	7.0544	7.0934	7.302	6.1024	6.6376	6.8116	7.1045	7.3853	7.454	7.3312	7.5925	7.7191	7.8446	7.9792	7.8804	8.015	0	0	0	0	0	0	0	0	0	0	0	0	0	0	0	0	0	0	0	0	0	0	0	0	0	0	0	0	0	0	0	0	0	0	
8.7173	7.7942	8.0285	8.7926	9.3847	8.9603	8.9012	9.3295	9.2026	9.4377	9.9065	9.9095	10.1317	9.7953	9.7509	10.2372	10.074	10.5744	9.92	10.0092	11.7566	10.8005	9.8985	9.8676	9.9657	9.4174	9.1838	9.5643	10.107	10.2888	10.2701	10.5388	10.4481	10.479	10.9738	10.8071	11.2303	11.1298	10.8358	11.3123	10.8572	11.2131	11.2822	11.6207	11.7117	11.6285	11.817	7.7222	6.2662	5.8617	5.7541	6.1028	6.021	5.7923	5.9618	6.0188	6.1682	6.8585	6.571	6.7186	6.5335	6.6071	7.4106	6.8281	6.7596	7.1784	7.0527	7.0917	7.3003	6.1009	6.6359	6.81	7.1028	7.3835	7.4523	7.3294	7.5906	7.7173	7.8428	7.9773	7.8786	8.0131	0	0	0	0	0	0	0	0	0	0	0	0	0	0	0	0	0	0	0	0	0	0	0	0	0	0	0	0	0	0	0	0	0	0	
8.7154	7.7925	8.0267	8.7907	9.3827	8.9584	8.8992	9.3275	9.2007	9.4357	9.9044	9.9074	10.1295	9.7932	9.7488	10.235	10.0718	10.5722	9.9179	10.007	11.7541	10.7982	9.8964	9.8656	9.9635	9.4153	9.1819	9.5623	10.1048	10.2866	10.2678	10.5366	10.4458	10.4768	10.9714	10.8049	11.2279	11.1275	10.8335	11.3099	10.8549	11.2108	11.2798	11.6182	11.7092	11.626	11.8145	7.7203	6.2645	5.8601	5.7526	6.1012	6.0194	5.7907	5.9602	6.0172	6.1665	6.8567	6.5692	6.7168	6.5318	6.6053	7.4087	6.8263	6.7578	7.1765	7.0509	7.0898	7.2984	6.0993	6.6341	6.8082	7.101	7.3816	7.4503	7.3275	7.5887	7.7153	7.8407	7.9753	7.8765	8.011	0	0	0	0	0	0	0	0	0	0	0	0	0	0	0	0	0	0	0	0	0	0	0	0	0	0	0	0	0	0	0	0	0	0	
8.7133	7.7906	8.0249	8.7887	9.3805	8.9562	8.8972	9.3253	9.1985	9.4335	9.9021	9.9051	10.1272	9.7909	9.7465	10.2326	10.0695	10.5697	9.9156	10.0047	11.7514	10.7956	9.8941	9.8633	9.9612	9.4131	9.1797	9.5601	10.1025	10.2842	10.2655	10.5341	10.4434	10.4744	10.9689	10.8024	11.2253	11.1249	10.831	11.3074	10.8523	11.2082	11.2772	11.6156	11.7065	11.6233	11.8118	7.7182	6.2627	5.8584	5.751	6.0995	6.0176	5.789	5.9585	6.0155	6.1647	6.8547	6.5673	6.7148	6.5299	6.6034	7.4066	6.8243	6.7559	7.1744	7.0489	7.0878	7.2963	6.0976	6.6321	6.8063	7.099	7.3795	7.4482	7.3254	7.5865	7.7131	7.8385	7.973	7.8743	8.0087	0	0	0	0	0	0	0	0	0	0	0	0	0	0	0	0	0	0	0	0	0	0	0	0	0	0	0	0	0	0	0	0	0	0	
8.711	7.7886	8.0228	8.7864	9.3781	8.954	8.8949	9.3229	9.1962	9.4311	9.8996	9.9026	10.1246	9.7884	9.7441	10.2301	10.067	10.567	9.9131	10.0022	11.7485	10.7929	9.8916	9.8609	9.9587	9.4107	9.1774	9.5578	10.1	10.2816	10.2629	10.5315	10.4408	10.4718	10.9661	10.7997	11.2225	11.1222	10.8282	11.3046	10.8495	11.2055	11.2744	11.6127	11.7036	11.6205	11.8089	7.7159	6.2608	5.8566	5.7492	6.0976	6.0157	5.7872	5.9566	6.0135	6.1628	6.8526	6.5652	6.7127	6.5278	6.6013	7.4042	6.8222	6.7538	7.1721	7.0467	7.0856	7.294	6.0957	6.6299	6.8043	7.0968	7.3772	7.446	7.3231	7.5841	7.7107	7.8361	7.9706	7.8719	8.0063	0	0	0	0	0	0	0	0	0	0	0	0	0	0	0	0	0	0	0	0	0	0	0	0	0	0	0	0	0	0	0	0	0	0	
8.7086	7.7865	8.0206	8.784	9.3756	8.9515	8.8925	9.3204	9.1937	9.4285	9.8969	9.8999	10.1219	9.7858	9.7414	10.2273	10.0642	10.5642	9.9104	9.9995	11.7454	10.7899	9.8889	9.8582	9.956	9.4082	9.1749	9.5552	10.0972	10.2789	10.2601	10.5287	10.438	10.469	10.9631	10.7968	11.2195	11.1192	10.8253	11.3015	10.8465	11.2026	11.2714	11.6096	11.7005	11.6173	11.8057	7.7135	6.2586	5.8546	5.7473	6.0955	6.0136	5.7852	5.9546	6.0115	6.1606	6.8502	6.5629	6.7104	6.5256	6.599	7.4017	6.8198	6.7516	7.1696	7.0443	7.0832	7.2916	6.0936	6.6276	6.802	7.0944	7.3747	7.4435	7.3206	7.5816	7.7081	7.8335	7.9679	7.8692	8.0036	0	0	0	0	0	0	0	0	0	0	0	0	0	0	0	0	0	0	0	0	0	0	0	0	0	0	0	0	0	0	0	0	0	0	
8.7059	7.7841	8.0182	8.7814	9.3728	8.9488	8.8898	9.3176	9.1909	9.4257	9.894	9.8969	10.1189	9.7829	9.7385	10.2243	10.0612	10.561	9.9075	9.9965	11.7419	10.7866	9.886	9.8553	9.9531	9.4054	9.1722	9.5525	10.0942	10.2758	10.257	10.5256	10.435	10.4659	10.9599	10.7937	11.2162	11.116	10.8221	11.2982	10.8432	11.1994	11.2681	11.6062	11.6971	11.6139	11.8022	7.7108	6.2563	5.8524	5.7452	6.0933	6.0113	5.7831	5.9524	6.0092	6.1583	6.8477	6.5604	6.7079	6.5231	6.5965	7.399	6.8173	6.7491	7.1669	7.0417	7.0806	7.2889	6.0914	6.625	6.7995	7.0918	7.372	7.4408	7.3179	7.5788	7.7053	7.8307	7.9651	7.8663	8.0007	0	0	0	0	0	0	0	0	0	0	0	0	0	0	0	0	0	0	0	0	0	0	0	0	0	0	0	0	0	0	0	0	0	0	
8.7031	7.7816	8.0156	8.7786	9.3697	8.9459	8.8869	9.3146	9.188	9.4227	9.8908	9.8938	10.1156	9.7797	9.7354	10.221	10.058	10.5576	9.9043	9.9934	11.7383	10.7831	9.8829	9.8522	9.9499	9.4023	9.1693	9.5495	10.091	10.2726	10.2537	10.5223	10.4316	10.4626	10.9563	10.7903	11.2127	11.1125	10.8186	11.2947	10.8397	11.1959	11.2645	11.6026	11.6934	11.6102	11.7985	7.7079	6.2537	5.85	5.7429	6.0909	6.0089	5.7807	5.95	6.0067	6.1558	6.8449	6.5577	6.7051	6.5205	6.5938	7.396	6.8145	6.7464	7.164	7.0389	7.0778	7.286	6.089	6.6222	6.7969	7.0889	7.3691	7.4379	7.315	7.5758	7.7022	7.8276	7.9619	7.8632	7.9975	0	0	0	0	0	0	0	0	0	0	0	0	0	0	0	0	0	0	0	0	0	0	0	0	0	0	0	0	0	0	0	0	0	0	
8.7	7.7788	8.0128	8.7755	9.3665	8.9427	8.8838	9.3114	9.1848	9.4194	9.8874	9.8903	10.1121	9.7763	9.732	10.2174	10.0545	10.554	9.9009	9.9899	11.7343	10.7793	9.8794	9.8489	9.9464	9.399	9.1661	9.5463	10.0875	10.269	10.2502	10.5187	10.4281	10.459	10.9525	10.7866	11.2088	11.1087	10.8148	11.2908	10.8359	11.1922	11.2606	11.5986	11.6894	11.6063	11.7944	7.7047	6.251	5.8474	5.7404	6.0883	6.0062	5.7782	5.9474	6.0041	6.1531	6.8419	6.5548	6.7021	6.5176	6.5908	7.3928	6.8115	6.7435	7.1608	7.0359	7.0747	7.2829	6.0864	6.6191	6.794	7.0859	7.3659	7.4347	7.3118	7.5725	7.6989	7.8243	7.9585	7.8598	7.994	0	0	0	0	0	0	0	0	0	0	0	0	0	0	0	0	0	0	0	0	0	0	0	0	0	0	0	0	0	0	0	0	0	0	
8.6966	7.7759	8.0097	8.7722	9.3629	8.9393	8.8805	9.3078	9.1813	9.4159	9.8837	9.8866	10.1083	9.7727	9.7284	10.2136	10.0507	10.55	9.8972	9.9861	11.7299	10.7751	9.8757	9.8452	9.9427	9.3955	9.1627	9.5427	10.0838	10.2652	10.2463	10.5148	10.4242	10.4551	10.9484	10.7826	11.2047	11.1047	10.8107	11.2867	10.8317	11.1881	11.2564	11.5943	11.685	11.6019	11.79	7.7013	6.248	5.8446	5.7378	6.0854	6.0033	5.7754	5.9446	6.0012	6.1501	6.8386	6.5516	6.6989	6.5144	6.5876	7.3893	6.8083	6.7404	7.1573	7.0326	7.0713	7.2795	6.0835	6.6158	6.7908	7.0825	7.3624	7.4313	7.3083	7.5689	7.6953	7.8206	7.9548	7.8561	7.9903	0	0	0	0	0	0	0	0	0	0	0	0	0	0	0	0	0	0	0	0	0	0	0	0	0	0	0	0	0	0	0	0	0	0	
8.6929	7.7726	8.0064	8.7685	9.3591	8.9356	8.8768	9.304	9.1775	9.412	9.8797	9.8826	10.1042	9.7687	9.7244	10.2095	10.0466	10.5457	9.8932	9.9821	11.7252	10.7707	9.8717	9.8412	9.9386	9.3916	9.159	9.5389	10.0797	10.2611	10.2421	10.5106	10.42	10.4509	10.9439	10.7783	11.2001	11.1002	10.8063	11.2821	10.8272	11.1837	11.2519	11.5897	11.6803	11.5972	11.7853	7.6976	6.2447	5.8416	5.7348	6.0823	6.0001	5.7724	5.9415	5.998	6.1469	6.8351	6.5481	6.6954	6.511	6.5842	7.3855	6.8047	6.7369	7.1536	7.029	7.0677	7.2757	6.0804	6.6122	6.7874	7.0789	7.3586	7.4275	7.3045	7.565	7.6913	7.8167	7.9508	7.8521	7.9862	0	0	0	0	0	0	0	0	0	0	0	0	0	0	0	0	0	0	0	0	0	0	0	0	0	0	0	0	0	0	0	0	0	0	
8.6783	7.7599	7.9934	8.7543	9.344	8.9212	8.8626	9.2893	9.163	9.3974	9.8642	9.8673	10.0886	9.7536	9.7094	10.194	10.0312	10.5298	9.8781	9.967	11.7088	10.7547	9.8568	9.8265	9.9233	9.3773	9.1451	9.5249	10.0644	10.2458	10.2266	10.495	10.4042	10.4353	10.9275	10.7617	11.1835	11.0838	10.7899	11.2654	10.8107	11.1672	11.235	11.5724	11.6628	11.5797	11.7674	7.6822	6.2308	5.8287	5.7225	6.0693	5.9867	5.7598	5.9287	5.9848	6.1334	6.8206	6.5341	6.6809	6.4971	6.57	7.3704	6.7906	6.7231	7.1387	7.0146	7.0532	7.261	6.0683	6.5982	6.7736	7.0646	7.3438	7.4127	7.2897	7.5497	7.6758	7.801	7.9349	7.8362	7.9699	0	0	0	0	0	0	0	0	0	0	0	0	0	0	0	0	0	0	0	0	0	0	0	0	0	0	0	0	0	0	0	0	0	0	
7.5059	6.7163	6.9244	7.5898	8.1024	7.7371	7.6868	8.0573	7.9538	8.1553	8.566	8.5632	8.7627	8.4684	8.4266	8.8494	8.7092	9.1355	8.5733	8.6506	10.1818	9.3096	8.5602	8.5374	8.6148	8.1314	7.9351	8.2814	8.7383	8.8945	8.8706	9.1212	9.0338	9.0632	9.4713	9.3534	9.7128	9.6391	9.3556	9.7925	9.3529	9.7305	9.7564	10.0602	10.1334	10.0554	10.2187	6.3694	5.0464	4.7274	4.6701	4.9524	4.8411	4.6726	4.8188	4.843	4.9685	5.5392	5.2814	5.4116	5.2683	5.321	5.9996	5.5185	5.4968	5.7927	5.727	5.7554	5.9372	4.9651	5.3226	5.5648	5.7822	6.0124	6.0935	5.9571	6.1798	6.2936	6.4137	6.5233	6.4335	6.5429	0	0	0	0	0	0	0	0	0	0	0	0	0	0	0	0	0	0	0	0	0	0	0	0	0	0	0	0	0	0	0	0	0	0	
7.5061	6.7165	6.9246	7.59	8.1027	7.7373	7.687	8.0575	7.954	8.1555	8.5662	8.5634	8.763	8.4687	8.4268	8.8497	8.7095	9.1358	8.5736	8.6508	10.182	9.3099	8.5604	8.5376	8.615	8.1317	7.9353	8.2816	8.7386	8.8948	8.8708	9.1215	9.034	9.0635	9.4715	9.3537	9.7131	9.6394	9.3558	9.7928	9.3531	9.7307	9.7567	10.0605	10.1337	10.0557	10.219	6.3697	5.0467	4.7276	4.6704	4.9527	4.8414	4.6728	4.8191	4.8433	4.9688	5.5396	5.2817	5.4119	5.2687	5.3213	6	5.5188	5.4971	5.793	5.7273	5.7557	5.9375	4.9653	5.3229	5.5651	5.7825	6.0127	6.0938	5.9574	6.1801	6.2939	6.414	6.5237	6.4338	6.5432	0	0	0	0	0	0	0	0	0	0	0	0	0	0	0	0	0	0	0	0	0	0	0	0	0	0	0	0	0	0	0	0	0	0	
7.5063	6.7167	6.9248	7.5903	8.1029	7.7375	7.6873	8.0577	7.9542	8.1557	8.5665	8.5637	8.7632	8.4689	8.4271	8.8499	8.7097	9.1361	8.5738	8.6511	10.1823	9.3102	8.5607	8.5379	8.6153	8.1319	7.9355	8.2819	8.7388	8.895	8.8711	9.1218	9.0343	9.0637	9.4718	9.354	9.7133	9.6397	9.3561	9.7931	9.3534	9.731	9.757	10.0608	10.134	10.056	10.2193	6.37	5.047	4.7279	4.6706	4.953	4.8417	4.6731	4.8194	4.8436	4.9691	5.5399	5.282	5.4122	5.269	5.3216	6.0004	5.5191	5.4974	5.7934	5.7276	5.7561	5.9378	4.9656	5.3232	5.5654	5.7829	6.0131	6.0941	5.9578	6.1805	6.2942	6.4144	6.524	6.4342	6.5435	0	0	0	0	0	0	0	0	0	0	0	0	0	0	0	0	0	0	0	0	0	0	0	0	0	0	0	0	0	0	0	0	0	0	
7.5066	6.7169	6.925	7.5905	8.1032	7.7377	7.6875	8.058	7.9545	8.156	8.5667	8.5639	8.7635	8.4692	8.4274	8.8502	8.71	9.1364	8.5741	8.6514	10.1827	9.3105	8.561	8.5382	8.6156	8.1322	7.9358	8.2822	8.7391	8.8953	8.8714	9.122	9.0346	9.064	9.4721	9.3543	9.7136	9.64	9.3564	9.7934	9.3537	9.7313	9.7573	10.0611	10.1343	10.0563	10.2196	6.3704	5.0474	4.7283	4.6709	4.9533	4.8421	4.6734	4.8197	4.8439	4.9694	5.5403	5.2824	5.4126	5.2693	5.322	6.0007	5.5195	5.4978	5.7937	5.728	5.7564	5.9382	4.9659	5.3235	5.5657	5.7832	6.0134	6.0945	5.9581	6.1808	6.2946	6.4147	6.5244	6.4345	6.5439	0	0	0	0	0	0	0	0	0	0	0	0	0	0	0	0	0	0	0	0	0	0	0	0	0	0	0	0	0	0	0	0	0	0	
6.7353	6.0346	6.2206	6.8143	7.2808	6.9316	6.8987	7.2333	7.1319	7.3294	7.6927	7.6916	7.87	7.6004	7.5711	7.9531	7.8137	8.209	7.704	7.773	9.1681	8.349	7.6833	7.6816	7.726	7.2852	7.1257	7.4618	7.839	7.9919	7.9521	8.1968	8.1134	8.1371	8.4864	8.405	8.7205	8.666	8.3819	8.7961	8.3583	8.76	8.7523	9.0335	9.0918	9.0178	9.1638	5.7354	4.5538	4.2662	4.2221	4.4771	4.3599	4.2128	4.3507	4.3648	4.4811	5.0033	4.7623	4.8876	4.7596	4.7964	5.4339	4.9821	4.9664	5.2266	5.1757	5.1957	5.3642	4.4846	4.7728	5.0181	5.2156	5.4204	5.4953	5.3614	5.5617	5.6582	5.7722	5.8699	5.7779	5.8678	0	0	0	0	0	0	0	0	0	0	0	0	0	0	0	0	0	0	0	0	0	0	0	0	0	0	0	0	0	0	0	0	0	0	
6.7362	6.0354	6.2214	6.8151	7.2817	6.9324	6.8995	7.2342	7.1327	7.3303	7.6936	7.6925	7.8709	7.6013	7.5721	7.9541	7.8146	8.2101	7.705	7.7739	9.1693	8.3501	7.6843	7.6826	7.7269	7.2861	7.1266	7.4627	7.8399	7.9929	7.953	8.1978	8.1144	8.1381	8.4875	8.406	8.7216	8.6671	8.3829	8.7972	8.3593	8.7611	8.7534	9.0346	9.0929	9.0189	9.1649	5.7369	4.5554	4.2676	4.2234	4.4785	4.3614	4.2141	4.3521	4.3662	4.4826	5.0049	4.7639	4.8892	4.7611	4.7979	5.4356	4.9836	4.9679	5.2283	5.1772	5.1973	5.3658	4.486	4.7744	5.0194	5.2171	5.4219	5.4968	5.363	5.5633	5.6598	5.7738	5.8715	5.7795	5.8694	0	0	0	0	0	0	0	0	0	0	0	0	0	0	0	0	0	0	0	0	0	0	0	0	0	0	0	0	0	0	0	0	0	0	
6.7377	6.0368	6.2228	6.8166	7.2833	6.9338	6.901	7.2357	7.1342	7.3319	7.6952	7.6941	7.8725	7.6029	7.5737	7.9558	7.8162	8.2118	7.7066	7.7756	9.1711	8.3519	7.6858	7.6842	7.7285	7.2876	7.1281	7.4644	7.8416	7.9946	7.9547	8.1995	8.1161	8.1398	8.4893	8.4079	8.7235	8.669	8.3848	8.7991	8.3612	8.763	8.7553	9.0366	9.0949	9.0209	9.1669	5.74	4.5586	4.2705	4.2262	4.4814	4.3645	4.2171	4.3551	4.3693	4.4857	5.0084	4.7673	4.8927	4.7645	4.8013	5.4392	4.987	4.9711	5.2319	5.1807	5.2007	5.3692	4.4888	4.7778	5.0225	5.2204	5.4254	5.5002	5.3665	5.5669	5.6634	5.7773	5.8752	5.7831	5.873	0	0	0	0	0	0	0	0	0	0	0	0	0	0	0	0	0	0	0	0	0	0	0	0	0	0	0	0	0	0	0	0	0	0	
6.7397	6.0386	6.2247	6.8186	7.2854	6.9357	6.9029	7.2378	7.1361	7.3339	7.6973	7.6963	7.8746	7.6049	7.5758	7.958	7.8183	8.2141	7.7088	7.7778	9.1736	8.3543	7.688	7.6865	7.7307	7.2897	7.1302	7.4666	7.8438	7.997	7.9571	8.2019	8.1186	8.1423	8.4919	8.4104	8.7261	8.6716	8.3873	8.8017	8.3637	8.7656	8.7579	9.0393	9.0977	9.0237	9.1698	5.7445	4.5633	4.2749	4.2303	4.4858	4.369	4.2214	4.3594	4.3739	4.4904	5.0135	4.7723	4.8978	4.7694	4.8063	5.4447	4.9921	4.9758	5.2373	5.1857	5.2058	5.3744	4.4931	4.7829	5.0271	5.2254	5.4305	5.5052	5.3716	5.5721	5.6687	5.7826	5.8806	5.7885	5.8784	0	0	0	0	0	0	0	0	0	0	0	0	0	0	0	0	0	0	0	0	0	0	0	0	0	0	0	0	0	0	0	0	0	0	
6.7429	6.0415	6.2276	6.8217	7.2888	6.9388	6.9061	7.2411	7.1393	7.3373	7.7008	7.6998	7.8781	7.6083	7.5793	7.9617	7.8218	8.2179	7.7124	7.7814	9.1778	8.3581	7.6915	7.6901	7.7343	7.293	7.1336	7.4702	7.8474	8.0007	7.9608	8.2058	8.1224	8.1461	8.4959	8.4145	8.7302	8.6756	8.3913	8.8058	8.3677	8.7697	8.7621	9.0436	9.102	9.0281	9.1743	5.7504	4.5692	4.2803	4.2354	4.4912	4.3747	4.2267	4.3649	4.3795	4.4962	5.0198	4.7786	4.9042	4.7756	4.8125	5.4515	4.9983	4.9818	5.2439	5.1921	5.2122	5.3809	4.4985	4.7892	5.0329	5.2316	5.437	5.5115	5.3781	5.5788	5.6753	5.7893	5.8873	5.7952	5.8853	0	0	0	0	0	0	0	0	0	0	0	0	0	0	0	0	0	0	0	0	0	0	0	0	0	0	0	0	0	0	0	0	0	0	
6.7466	6.0449	6.2311	6.8254	7.2928	6.9423	6.9097	7.2449	7.1429	7.3412	7.7048	7.7039	7.8822	7.6123	7.5833	7.9659	7.8258	8.2223	7.7165	7.7856	9.1826	8.3625	7.6955	7.6943	7.7383	7.2969	7.1374	7.4744	7.8516	8.0051	7.9651	8.2102	8.1269	8.1506	8.5006	8.4192	8.7349	8.6804	8.3959	8.8107	8.3723	8.7745	8.7669	9.0487	9.1071	9.0332	9.1794	5.7573	4.5762	4.2868	4.2416	4.4977	4.3816	4.2331	4.3714	4.3863	4.5032	5.0274	4.7861	4.9119	4.7829	4.8199	5.4596	5.0058	4.989	5.2518	5.1996	5.2197	5.3886	4.5049	4.7967	5.0398	5.239	5.4447	5.5191	5.3858	5.5866	5.6832	5.7972	5.8954	5.8032	5.8934	0	0	0	0	0	0	0	0	0	0	0	0	0	0	0	0	0	0	0	0	0	0	0	0	0	0	0	0	0	0	0	0	0	0	
6.4481	5.7731	5.9516	6.5214	6.9662	6.6412	6.6039	6.9232	6.8297	7.0138	7.3629	7.3613	7.5342	7.2764	7.2442	7.6103	7.4814	7.8549	7.3699	7.4345	8.7714	7.996	7.3505	7.3403	7.3908	6.9728	6.8124	7.1245	7.496	7.6382	7.6039	7.8318	7.7505	7.7733	8.1128	8.0205	8.3308	8.2738	8.0094	8.3984	7.9935	8.3574	8.3578	8.6218	8.6777	8.6055	8.744	5.4212	4.2828	4.0122	3.9723	4.2112	4.0956	3.9594	4.0898	4.0999	4.2085	4.6991	4.4692	4.5858	4.466	4.5004	5.0997	4.6766	4.663	4.9037	4.856	4.8742	5.0316	4.2081	4.4761	4.7118	4.894	5.0855	5.1581	5.0309	5.2182	5.3098	5.4161	5.5078	5.422	5.5069	0	0	0	0	0	0	0	0	0	0	0	0	0	0	0	0	0	0	0	0	0	0	0	0	0	0	0	0	0	0	0	0	0	0	
